Sample.Name	OT201	OT201.1	OT209	OT209.1	OT249	OT249.1	Ot253b	Ot253b.1	Ot215	Ot215.1	Ot311	Ot311.1	Ot409	Ot409.1	Ot211	Ot211.1	Ot208	Ot208.1	Ot212	Ot212.1	Ot515	Ot515.1
MR13J_03_16_0050	170	222	198	254	261	281	149	175	269	273	188	332	161	219	234	290	231	259	142	172	199	227
MR13J_03_17_0073	182	230	198	258	209	225	159	227	245	249	320	340	187	243	262	270	199	199	160	164	199	205
MR13J_03_19_0089	198	198	198	238	217	265	171	179	265	285	332	398	115	249	234	242	263	263	164	168	199	233
MR13J_03_26_0166	178	182	150	258	209	209	159	183	207	249	308	328	243	249	200	282	207	227	160	164	199	227
MR13J_03_28_0170	186	218	154	250	205	209	163	183	249	265	184	406	189	241	234	242	243	255	142	142	201	237
MR13J_03_28_0179	198	214	196	236	237	257	201	231	243	243	316	398	177	197	226	238	199	199	142	142	199	219
MR13J_03_28_0192	198	214	198	238	185	209	183	201	233	265	316	360	191	249	226	238	247	259	142	146	199	201
MR13J_03_28_0201	198	230	186	192	185	241	179	195	229	261	332	336	201	229	242	270	203	239	138	164	201	221
MR13J_03_30_0229	182	230	198	258	225	241	159	227	245	277	308	328	187	243	262	270	199	227	160	164	199	227
MR13J_03_30_0233	222	226	192	192	281	281	201	201	233	243	332	332	157	249	238	242	199	219	142	164	199	227
MR13J_03_30_0250	170	222	150	200	169	237	223	239	233	277	296	320	115	235	262	274	235	273	146	184	193	193
MR13J_04_01_0278	190	202	198	254	237	245	231	231	239	249	394	402	181	197	262	278	199	259	134	142	199	201
MR13J_04_01_0301	170	238	150	200	229	257	175	175	243	265	296	320	115	243	262	274	195	235	146	184	193	193
MR13J_04_02_0374	222	234	154	274	177	229	163	163	247	249	244	288	191	257	234	242	235	243	146	152	201	233
MR13J_04_02_0408	186	202	200	200	181	221	175	239	235	249	332	348	181	253	242	250	199	305	134	138	201	207
MR13J_04_03_0419	186	214	154	190	185	257	183	239	233	265	316	360	177	233	238	246	195	199	142	146	201	221
MR13J_04_03_0425	202	226	158	242	209	253	227	231	229	243	356	402	165	243	266	270	211	219	138	212	199	201
MR13J_04_03_0431	202	226	154	254	209	253	227	231	243	249	328	356	197	243	254	266	211	219	168	212	201	203
MR13J_04_03_0452	182	222	236	250	205	229	159	183	249	277	324	392	115	249	234	238	219	255	142	146	201	203
MR13J_04_03_0459	182	202	154	254	209	253	227	231	229	249	356	402	165	243	266	270	183	267	168	212	203	227
MR13J_04_04_0466	198	226	158	242	181	253	179	227	229	243	328	356	197	243	254	266	219	267	164	168	199	227
MR13J_04_04_0498	190	198	166	250	229	237	175	227	243	265	236	332	137	235	238	278	207	211	138	142	203	227
MR13J_04_05_0522	182	202	150	196	205	241	175	183	241	277	284	312	174	249	238	246	211	219	152	160	201	233
MR13J_04_05_0525	182	202	154	254	181	209	179	227	243	249	356	402	165	243	254	266	183	211	138	164	199	201
MR13J_04_05_0534	202	226	154	254	209	253	179	235	243	243	256	402	165	243	254	266	211	219	138	212	199	201
MR13J_04_05_0542	218	222	176	236	177	225	183	183	207	281	252	284	197	235	262	274	243	247	142	146	199	203
MR13J_04_05_0559	186	218	176	236	177	241	179	183	207	243	352	392	115	197	238	274	203	247	142	152	201	227
MR13J_04_05_0572	202	226	242	254	209	209	179	179	229	243	356	402	165	219	270	274	211	219	164	168	203	227
MR13J_04_06_0588	182	222	200	236	205	229	175	201	277	285	324	392	115	249	238	238	219	247	146	164	201	233
MR13J_04_06_0600	198	226	158	242	209	253	227	231	243	249	256	328	165	243	270	274	219	267	138	164	199	227
MR13J_04_06_0608	186	186	200	236	201	237	201	227	233	237	188	256	161	187	250	258	247	293	142	184	205	237
MR13J_04_06_0613	186	218	192	200	201	229	163	201	233	247	188	332	137	187	258	274	247	255	138	184	205	227
MR13J_04_06_0618	222	226	192	200	185	209	179	179	219	249	332	332	157	189	238	266	199	219	142	164	199	201
MR13J_04_06_0621	182	198	154	254	209	253	227	231	229	243	256	402	197	243	254	274	183	267	168	212	199	201
MR13J_04_09_0651	190	226	200	242	233	277	179	187	223	287	304	320	159	161	238	266	199	243	142	152	199	201
MR13J_04_09_0668	182	222	150	200	229	241	175	183	277	285	312	324	174	174	246	270	219	259	134	152	201	233
MR13J_04_14_0858	198	222	180	204	209	261	179	201	249	249	328	360	177	235	242	274	235	309	142	160	199	237
MR13J_04_14_0873	190	214	184	200	181	237	175	175	235	241	332	332	181	227	220	274	259	263	142	168	199	201
MR13J_04_14_0901	186	222	254	314	185	233	159	227	233	233	188	316	181	187	258	270	247	305	138	164	227	237
MR13J_04_15_0958	218	230	244	258	185	213	183	183	243	277	184	304	161	161	238	246	207	247	142	152	193	207
MR13J_04_15_0967	190	230	176	240	233	257	179	201	243	269	332	376	119	219	242	282	227	235	138	146	193	229
MR13J_04_15_0982	198	230	180	204	241	249	145	231	249	249	328	360	177	181	274	282	215	235	160	212	199	201
MR13J_04_17_0984	178	198	200	254	233	245	159	227	253	273	320	332	115	181	270	278	199	267	138	164	203	221
MR13J_04_17_0998	186	186	192	254	233	237	163	239	233	237	320	328	137	181	274	282	247	293	142	184	205	227
MR13J_04_17_1001	198	198	232	244	185	193	163	175	223	277	188	320	165	181	246	278	207	255	142	160	203	205
MR13J_04_17_1017	202	234	200	242	209	245	183	187	223	237	320	402	159	183	242	274	195	235	142	164	201	233
MR13J_04_17_1018	186	186	236	254	229	237	163	239	233	237	320	328	161	181	250	282	247	293	138	184	205	237
MR13J_04_17_1030	222	222	192	196	209	245	179	191	171	281	188	402	181	203	238	242	195	227	146	164	193	227
MR13J_04_17_1068	190	194	238	240	177	209	201	239	243	273	336	376	119	247	270	286	207	235	140	140	193	221
MR13J_04_18_1096	198	230	200	266	249	261	179	201	245	249	240	328	177	235	242	258	215	235	160	212	201	201
MR13J_04_18_1104	178	222	200	254	225	229	159	227	253	273	256	332	181	187	270	278	199	267	164	168	203	221
MR13J_04_18_1111	198	198	150	192	229	237	159	179	249	261	332	402	187	219	262	270	219	239	138	152	201	227
MR13J_04_18_1116	186	218	192	200	201	237	163	201	233	237	188	328	137	181	258	274	247	255	138	146	205	227
MR13J_04_18_1141	198	202	150	186	229	237	159	179	239	261	312	332	187	233	200	262	227	267	138	152	201	203
MR13J_04_18_1143	202	238	200	204	177	257	163	175	249	265	188	244	193	223	242	262	195	239	146	146	193	199
MR13J_04_20_1175	170	198	154	176	245	249	159	227	237	249	284	316	183	191	266	270	223	243	138	164	199	201
MR13J_04_20_1177	210	234	176	200	205	233	163	163	233	255	188	328	181	193	270	282	207	227	142	142	199	237
MR13J_04_20_1192	186	186	200	250	177	237	179	231	207	249	284	324	199	243	200	242	207	235	138	146	193	201
MR13J_04_20_1214	190	206	188	192	209	241	179	187	243	243	332	336	181	189	270	282	191	235	142	152	201	229
MR13J_04_20_1222	186	202	176	254	201	205	163	227	207	247	188	252	161	187	242	258	239	247	138	142	199	237
MR13J_04_20_1228	194	210	258	258	237	261	179	231	229	241	288	332	181	191	242	242	207	219	142	146	199	205
MR13J_04_20_1258	170	198	192	258	185	277	175	239	243	249	316	348	189	229	266	270	199	239	138	152	199	201
MR13J_04_22_1260	186	218	192	200	233	237	201	227	233	247	188	256	161	187	274	282	247	255	142	146	205	227
MR13J_04_22_1277	210	234	254	288	201	205	175	227	207	247	188	252	181	193	258	270	207	227	138	142	199	237
MR13J_04_22_1287	178	222	180	254	233	245	163	183	249	287	256	340	187	197	266	278	199	267	164	168	199	201
MR13J_04_22_1303	198	222	244	244	185	233	163	239	223	265	188	348	181	227	262	278	207	259	142	164	201	237
MR13J_04_24_1369	178	222	180	254	225	229	159	227	249	273	320	332	115	197	270	278	199	267	138	164	203	221
MR13J_04_24_1379	182	202	200	244	181	189	159	179	229	243	348	356	115	199	254	286	243	251	142	160	199	219
MR13J_04_24_1414	182	202	158	242	181	209	179	227	243	249	256	402	197	219	254	274	183	211	138	164	203	227
MR13J_04_24_1433	190	198	224	238	237	241	171	175	207	229	248	340	181	247	220	242	259	259	168	204	199	201
MR13J_04_24_1444	230	230	250	250	249	277	175	179	243	261	188	312	115	181	266	266	183	199	138	142	199	237
MR13J_04_24_1453	230	230	240	250	237	241	195	231	243	253	308	340	137	235	234	246	183	203	164	164	201	227
MR13J_04_24_1462	186	230	236	254	229	241	175	201	241	277	284	392	115	177	242	246	207	207	160	168	199	201
MR13J_04_25_1498	190	202	198	198	217	229	201	231	229	243	332	348	115	181	238	290	219	235	142	142	193	221
MR13J_04_25_1511	178	186	200	254	233	245	163	175	249	273	320	320	187	237	266	290	207	267	138	138	199	201
MR13J_04_25_1526	190	210	198	198	237	237	201	231	229	243	348	360	181	181	238	290	207	235	142	146	201	233
MR13J_04_27_1556	190	230	158	254	225	245	179	239	233	241	188	328	187	229	262	282	227	239	142	164	199	201
MR13J_04_27_1569	218	230	196	240	169	229	129	159	245	265	308	394	177	193	242	286	203	231	142	164	201	237
MR13J_04_27_1578	198	230	180	204	209	261	179	231	249	249	360	388	177	181	242	274	215	235	160	212	199	201
MR13J_04_27_1588	186	202	176	200	205	233	175	227	207	247	188	328	181	193	258	270	227	247	138	142	199	227
MR13J_04_27_1629	210	230	158	212	217	229	129	159	233	265	308	394	177	193	242	270	203	207	146	164	201	201
MR13J_04_29_1653	190	230	166	254	177	229	175	179	233	265	332	348	191	229	238	242	203	207	152	164	199	203
MR13J_04_29_1665	198	198	198	238	217	225	171	223	243	251	324	356	115	249	262	270	263	263	164	168	221	227
MR13J_04_29_1679	190	214	200	216	237	245	155	159	253	269	320	336	165	191	242	258	239	279	160	212	207	233
MR13J_04_29_1683	194	234	238	240	177	209	201	243	249	251	336	376	181	187	242	242	195	207	138	152	193	233
MR13J_04_29_1686	178	202	196	250	205	229	179	187	243	269	316	340	115	197	266	266	231	239	152	164	199	221
MR13J_04_29_1697	202	230	154	254	237	245	231	239	241	243	188	312	183	229	242	282	227	239	164	204	199	227
MR13J_04_29_1710	186	222	198	240	229	265	175	227	249	265	332	418	135	137	234	262	227	243	138	164	227	237
MR13J_04_29_1718	202	230	158	254	237	245	179	201	241	243	188	328	183	233	262	282	227	239	142	142	199	201
MR13J_04_29_1726	178	202	196	196	217	297	175	179	243	269	316	316	137	227	238	266	231	239	142	152	199	221
MR13J_05_01_1761	190	230	198	216	229	237	175	179	233	265	324	348	191	197	238	242	207	211	142	164	199	203
MR13J_05_01_1762	190	230	198	216	229	237	175	179	233	265	324	348	191	197	238	242	207	211	142	164	199	203
MR13J_05_01_1765	198	210	238	254	233	237	163	179	233	243	188	236	187	249	282	286	207	259	138	146	221	237
MR13J_05_01_1772	186	222	200	238	201	237	163	179	233	285	188	376	181	187	258	286	247	247	134	142	227	233
MR13J_05_01_1784	198	210	198	254	229	233	163	223	233	285	188	236	181	181	242	282	207	259	142	146	227	233
MR13J_05_01_1789	186	222	198	254	229	233	179	227	247	285	236	320	181	249	282	286	247	247	138	146	221	237
MR13J_05_01_1795	198	210	198	254	201	229	163	223	247	285	236	320	181	249	242	282	207	247	134	142	221	227
MR13J_05_01_1800	186	222	198	200	233	237	163	179	247	285	320	376	181	187	242	258	247	247	134	142	227	233
MR13J_05_01_1806	186	198	238	254	201	229	163	223	243	247	188	376	187	249	242	282	247	259	134	142	221	237
MR13J_05_03_1836	186	198	200	238	201	237	163	223	233	285	188	236	187	249	282	286	247	259	134	138	221	227
MR13J_05_03_1845	190	222	198	198	237	237	175	179	243	247	236	324	137	249	242	242	207	247	134	152	199	233
MR13J_05_03_1871	198	202	232	238	177	229	175	179	261	265	336	398	115	249	242	262	223	259	142	146	199	201
MR13J_05_03_1888	222	230	158	254	237	253	223	235	253	265	352	418	161	223	242	246	199	283	134	164	193	233
MR13J_05_03_1902	186	202	154	254	201	233	163	201	247	269	316	320	161	187	258	270	235	247	138	164	201	227
MR13J_05_03_1904	186	222	238	254	233	237	163	179	247	285	236	320	181	187	258	286	247	247	142	146	221	227
MR13J_05_06_1926	186	198	198	200	201	237	163	223	233	285	188	236	181	181	242	282	247	247	134	142	221	237
MR13J_05_06_1940	186	226	154	200	217	233	163	201	233	247	188	316	161	181	270	282	231	247	142	164	221	237
MR13J_05_06_1952	186	230	154	254	229	233	231	231	233	243	188	304	181	201	220	282	203	247	138	142	219	237
MR13J_05_06_1968	198	210	158	186	217	229	129	239	249	265	316	332	187	193	270	270	207	239	138	164	199	201
MR13J_05_06_1974	222	222	166	198	237	237	175	223	265	285	332	376	137	181	238	286	227	247	142	146	199	233
MR13J_05_06_2020	210	226	200	236	217	233	183	227	233	247	316	320	181	195	258	282	207	231	142	164	201	237
MR13J_05_08_2046	182	230	196	238	209	229	231	235	243	243	332	352	187	249	220	278	199	203	134	142	199	219
MR13J_05_08_2064	222	230	158	180	249	261	175	179	219	249	320	328	159	177	238	282	215	235	142	168	201	237
MR13J_05_08_2078	202	210	236	254	233	233	201	227	233	269	188	316	161	187	258	270	207	235	140	140	221	237
MR13J_05_08_2081	190	230	150	266	217	241	175	179	219	249	328	328	115	135	238	242	215	235	142	168	205	237
MR13J_05_08_2084	210	226	154	254	201	233	163	201	247	247	188	316	161	187	258	270	207	231	138	142	201	227
MR13J_05_10_2112	186	226	154	200	233	233	201	227	247	247	316	320	161	187	270	282	231	247	138	164	221	227
MR13J_05_10_2128	222	222	158	266	217	261	163	179	171	249	328	328	135	177	238	282	243	305	212	212	201	205
MR13J_05_10_2132	194	226	198	200	229	237	175	179	243	269	288	316	115	195	254	266	199	227	152	168	193	199
MR13J_05_10_2164	186	226	200	236	201	217	163	183	233	269	188	316	161	187	258	282	235	247	138	164	221	227
MR13J_05_10_2178	178	194	154	196	217	297	175	179	243	269	288	340	137	193	254	266	199	231	164	164	193	199
MR13J_05_12_2199	198	222	196	384	197	241	187	201	223	243	316	352	183	227	242	242	243	243	142	142	227	227
MR13J_05_12_2247	222	230	158	254	237	253	223	235	171	227	336	418	119	245	242	278	199	283	134	168	193	199
MR13J_05_12_2262	190	230	150	180	241	249	145	163	171	249	328	388	115	135	238	242	215	235	142	168	205	237
MR13J_05_13_2271	186	230	250	266	233	241	179	235	249	249	366	388	115	249	242	282	215	243	142	142	201	237
MR13J_05_13_2282	210	226	236	254	233	233	183	227	247	247	188	316	187	195	258	270	207	231	138	138	221	227
MR13J_05_15_2322	178	202	196	244	225	229	179	187	261	269	340	348	137	227	238	286	183	231	152	152	199	219
MR13J_05_15_2334	198	202	154	238	225	233	175	179	249	269	328	360	161	243	274	274	199	247	160	164	193	219
MR13J_05_15_2368	222	222	154	266	209	241	179	187	249	269	348	388	163	177	254	282	243	309	142	142	201	237
MR13J_05_15_2380	190	230	158	254	237	253	199	235	171	227	188	336	119	245	242	278	199	283	134	168	193	199
MR13J_05_17_2388	190	226	200	254	237	277	201	231	249	253	332	352	115	181	238	262	183	231	142	156	199	199
MR13J_05_17_2403	186	226	154	254	201	233	163	183	247	247	316	320	161	181	258	270	235	247	140	140	221	227
MR13J_05_17_2409	198	230	154	154	229	253	179	231	229	241	272	348	187	235	242	282	199	211	140	140	227	227
MR13J_05_19_2520	198	226	154	154	229	281	129	159	171	243	312	316	115	193	238	238	247	247	160	164	201	201
MR13J_05_20_2583	226	230	158	238	229	229	175	201	171	249	248	336	193	249	238	258	243	283	142	146	201	207
MR13J_05_22_2596	186	222	200	238	201	237	163	179	233	243	236	320	181	187	258	286	247	247	134	142	221	227
MR13J_05_22_2597	170	198	192	242	185	277	179	179	261	287	304	316	189	229	200	266	199	239	138	164	221	233
MR13J_05_22_2604	186	226	196	244	229	237	179	231	255	269	316	352	137	227	238	286	183	227	142	152	199	219
MR13J_05_23_2644	178	202	196	244	225	229	179	231	261	269	340	348	115	227	254	266	183	231	152	152	199	201
MR13J_05_28_2677	222	234	192	196	229	233	159	231	253	273	272	316	191	193	238	242	203	227	138	160	201	221
MR13J_05_31_2727	198	210	198	254	229	233	179	227	247	285	236	320	181	249	242	258	207	259	138	146	233	237
MR13J_05_31_2743	170	186	184	200	237	249	175	175	229	235	252	332	181	227	242	290	199	239	142	146	201	227
MR13J_06_30_2798	222	222	250	264	233	261	145	187	249	253	366	388	115	163	242	282	227	305	152	212	201	201
MR13J_08_12_2834	186	234	254	288	201	205	163	227	207	247	252	320	161	181	242	282	227	247	138	142	203	237
MR13J_08_14_2839	198	210	198	200	229	233	179	227	233	285	188	376	181	181	242	258	207	259	138	146	233	237
MR13J_08_14_2840	186	234	254	288	201	205	163	227	207	247	252	320	161	181	242	282	227	247	138	142	203	237
MR13J_04_15_0976	170	218	194	388	229	261	183	239	243	277	184	296	185	249	238	290	207	247	142	146	193	207
MR13J_04_24_1390	226	230	248	254	253	277	201	223	223	281	252	332	181	269	246	266	199	243	142	146	199	233
MR13J_07_31_2824	186	190	196	200	233	237	179	227	247	269	256	320	181	245	250	282	235	247	142	142	201	237
MR13J_08_02_2826	186	222	242	244	229	277	175	187	249	251	316	340	191	191	242	258	191	195	164	168	199	203
MR13J_04_17_1026	202	218	200	236	209	237	179	207	171	253	328	406	193	197	254	278	239	255	152	160	193	199
