Sample.Name	OT201	OT201.1	OT209	OT209.1	OT249	OT249.1	Ot253b	Ot253b.1	Ot215	Ot215.1	Ot311	Ot311.1	Ot409	Ot409.1	Ot211	Ot211.1	Ot208	Ot208.1	Ot212	Ot212.1	Ot515	Ot515.1
MR08_473	194	202	200	288	177	205	163	179	207	265	252	332	161	191	266	270	203	239	142	146	203	221
MR08_086	198	218	186	198	229	237	155	163	207	219	320	356	161	197	242	262	243	243	146	152	201	237
MR08_540	202	218	176	262	241	273	175	179	223	243	308	398	191	197	200	246	191	199	142	146	201	227
MR08_307	222	222	198	232	185	209	183	187	243	265	320	406	119	219	238	258	199	199	164	176	201	227
MR08_233	186	230	158	212	181	261	175	195	233	239	316	332	185	189	242	242	227	235	134	160	211	219
MR08_113	230	234	200	236	209	241	129	201	243	265	308	348	161	227	200	238	243	255	146	200	193	203
MR08_557	182	226	200	244	201	237	175	231	247	249	316	418	159	197	242	282	191	231	142	146	199	227
MR08_566	226	230	154	154	209	237	179	231	219	243	328	340	165	191	238	262	203	219	146	152	221	237
MR08_017	186	230	154	196	217	281	175	183	239	261	296	316	178	181	250	270	227	255	164	168	193	237
MR08_467	198	222	192	196	233	241	227	231	229	287	312	398	193	199	242	270	207	207	160	164	199	203
MR08_664	198	210	158	254	233	253	179	227	233	277	320	328	178	181	258	286	203	207	138	152	193	237
MR08_653	198	222	200	208	229	261	183	235	249	265	284	336	161	197	246	250	183	183	142	146	193	199
MR08_197	182	198	258	274	233	241	175	231	207	241	332	340	235	247	234	262	207	235	138	168	199	219
MR08_376	226	230	154	258	181	297	175	227	247	287	348	356	161	197	242	262	203	211	160	164	201	233
MR08_585	190	210	154	254	233	253	179	183	229	233	320	328	181	193	254	258	207	207	134	138	201	233
MR08_631	198	210	194	236	197	237	175	231	233	273	316	332	115	197	242	266	191	259	138	146	201	201
MR08_495	186	218	200	242	181	257	163	175	243	265	328	340	115	249	234	262	211	211	142	146	207	219
MR08_314	194	234	236	240	229	233	175	227	229	249	328	332	161	203	282	286	195	247	134	146	201	201
MR08_243	182	214	204	258	209	273	191	201	243	249	240	280	227	235	274	282	195	199	142	160	199	227
MR08_747	230	234	236	236	185	257	183	201	233	265	248	328	161	241	234	286	195	279	142	168	199	203
MR08_787	222	234	154	154	237	241	227	239	171	243	308	332	191	193	242	278	203	207	138	168	201	201
MR08_619	230	230	196	200	237	253	175	227	223	285	332	360	191	197	258	266	239	239	142	152	199	237
MR08_607	190	222	154	196	169	233	175	183	249	257	316	336	137	191	266	294	179	247	134	164	205	227
MR08_292	222	230	200	254	229	229	195	231	229	269	188	336	193	201	234	246	195	255	164	164	201	237
MR08_600	222	230	180	200	229	241	187	195	207	207	320	332	235	249	258	262	195	203	156	212	199	201
MR08_463	178	210	154	254	213	237	155	159	255	265	280	280	181	193	270	278	243	267	142	146	201	233
MR08_360	174	186	216	254	225	241	175	223	265	265	316	336	115	187	242	278	243	255	142	168	227	233
MR08_194	182	230	176	200	229	237	163	235	243	273	188	320	155	237	234	274	195	203	152	184	199	219
MR08_492	186	190	166	198	237	277	175	231	265	277	316	332	141	191	242	242	207	239	142	164	193	199
MR08_219	182	222	158	180	181	249	175	187	249	287	284	336	178	193	234	270	259	267	142	146	193	201
MR08_608	198	230	254	258	169	261	159	201	233	233	324	422	189	201	254	278	191	243	146	160	211	221
MR08_563	190	218	176	200	181	253	179	179	241	249	316	332	161	193	200	238	235	255	138	146	199	233
MR08_655	190	198	242	254	241	249	155	203	249	277	188	392	115	227	238	270	183	231	134	160	201	233
MR08_375	222	234	154	216	229	245	195	227	249	249	316	324	193	247	262	274	199	227	146	152	233	237
MR08_499	210	230	194	194	249	261	129	187	207	265	316	348	137	193	246	250	199	235	142	180	201	201
MR08_747	230	234	236	236	185	257	183	201	233	265	248	328	161	241	234	286	195	279	142	168	199	203
MR08_563	190	218	176	200	181	253	179	179	241	249	316	332	161	193	200	238	235	255	138	146	199	233
MR08_640	182	198	176	208	217	237	191	231	235	243	404	406	115	185	274	282	243	267	152	164	201	233
MR08_290	186	202	154	258	177	241	129	155	207	263	264	304	181	193	234	250	215	267	138	160	201	227
MR08_771	218	238	194	196	241	257	183	223	265	277	344	406	137	161	238	266	231	235	164	168	201	233
MR08_565	182	234	212	244	225	241	159	175	227	259	280	332	191	197	246	290	203	239	138	142	227	233
MR08_313	190	226	154	200	185	237	163	223	265	265	332	394	191	231	242	242	183	259	146	152	199	205
MR08_467	198	222	192	196	233	241	227	231	229	287	312	398	193	199	242	270	207	207	160	164	199	203
MR08_853	218	234	158	236	169	229	201	239	243	285	236	332	197	227	242	242	227	255	142	146	201	219
MR08_538	194	202	154	154	225	241	183	231	265	273	320	340	199	219	234	270	219	235	134	138	193	219
MR08_239	198	234	166	196	185	233	207	231	255	265	188	316	181	191	242	254	211	243	134	164	193	199
MR08_828	194	226	198	200	181	261	175	179	243	269	244	284	193	235	258	270	195	199	142	152	203	205
MR08_650	202	230	236	236	209	237	163	239	223	261	336	348	167	257	282	286	203	251	152	152	193	221
MR08_584	182	186	200	258	233	237	163	183	245	249	316	418	187	197	282	290	183	247	142	146	201	227
MR08_529	178	230	204	240	233	249	163	227	207	243	312	328	235	249	262	266	207	231	142	164	201	237
MR08_674	170	222	176	196	177	233	155	159	265	281	244	328	115	227	250	258	223	231	138	146	201	221
MR08_689	166	190	242	254	181	197	201	231	249	277	332	392	115	227	234	262	183	231	134	160	201	203
MR08_607	190	222	154	196	169	233	175	183	249	257	316	336	137	191	266	294	179	247	134	164	205	227
MR08_219	182	222	158	180	181	249	175	187	249	287	284	336	178	193	234	270	259	267	142	146	193	201
MR08_219	182	222	158	180	181	249	175	187	249	287	284	336	178	193	234	270	259	267	142	146	193	201
MR08_569	186	230	154	258	181	229	175	227	261	269	188	312	197	201	242	262	207	207	138	142	219	233
MR08_328	190	226	242	254	185	205	159	235	171	251	340	352	115	161	234	270	199	267	130	164	193	207
MR08_766	182	190	150	254	205	249	175	183	253	265	320	356	181	197	238	266	183	215	160	172	193	199
MR08_755	182	198	196	240	237	237	227	231	233	265	324	360	181	229	270	286	207	239	142	160	201	207
MR08_467	198	222	192	196	233	241	227	231	229	287	312	398	193	199	242	270	207	207	160	164	199	203
MR08_111	194	230	196	196	237	261	179	179	219	253	284	332	181	235	238	250	195	219	134	142	201	203
MR08_337	198	222	184	196	233	241	175	183	229	287	308	312	193	237	242	274	207	207	146	164	199	221
MR08_219	182	222	158	180	181	249	175	187	249	287	284	336	178	193	234	270	259	267	142	146	193	201
MR08_243	182	214	204	258	209	273	191	201	243	249	240	280	227	235	274	282	195	199	142	160	199	227
MR08_197	182	198	258	274	233	241	175	231	207	241	332	340	235	247	234	262	207	235	138	168	199	219
MR08_128	186	226	158	198	257	269	163	227	227	253	316	336	187	207	234	242	231	255	146	168	201	227
MR08_671	190	222	180	198	217	241	175	175	241	249	188	320	161	233	242	282	195	247	138	142	193	219
MR08_664	198	210	158	254	233	253	179	227	233	277	320	328	178	181	258	286	203	207	138	152	193	237
MR08_671	190	222	180	198	217	241	175	175	241	249	188	320	161	233	242	282	195	247	138	142	193	219
MR08_828	194	226	198	200	181	261	175	179	243	269	244	284	193	235	258	270	195	199	142	152	203	205
MR08_475	186	198	188	216	257	261	163	175	281	287	188	280	141	233	250	262	199	235	152	168	193	233
MR08_472	198	202	200	236	209	257	155	231	207	241	272	316	115	178	220	266	203	243	138	152	201	233
MR08_337	198	222	184	196	233	241	175	183	229	287	308	312	193	237	242	274	207	207	146	164	199	221
MR08_838	194	218	196	244	249	257	179	231	247	269	348	356	115	189	242	290	199	227	138	152	199	233
MR08_690	190	230	176	254	205	269	141	201	223	249	340	360	181	201	234	254	195	235	160	160	219	227
MR08_528	186	190	236	250	205	209	159	239	249	265	328	332	161	187	254	262	183	255	142	160	221	237
MR08_662	210	222	196	196	177	185	201	235	249	265	276	352	115	161	234	234	203	227	138	142	201	201
MR08_559	214	234	154	176	237	261	183	231	223	285	296	312	161	219	242	270	219	223	134	138	233	237
MR08_313	190	226	154	200	185	237	163	223	265	265	332	394	191	231	242	242	183	259	146	152	199	205
MR08_313	190	226	154	200	185	237	163	223	265	265	332	394	191	231	242	242	183	259	146	152	199	205
MR08_661	230	230	216	250	233	261	223	231	223	265	276	328	135	227	242	278	239	267	152	164	199	199
MR08_072	198	226	158	236	209	209	179	239	233	243	184	312	115	181	200	238	267	279	134	184	193	233
MR08_063	222	230	192	200	229	229	175	183	249	273	188	188	201	237	234	266	195	203	142	152	201	233
MR08_599	234	238	154	196	233	277	175	187	243	249	316	340	187	203	234	282	207	251	152	168	193	207
MR08_375	222	234	154	216	229	245	195	227	249	249	316	324	193	247	262	274	199	227	146	152	233	237
MR08_506	226	230	154	200	249	253	175	179	243	249	284	312	115	119	262	262	203	227	134	164	203	227
MR08_335	230	234	198	236	173	241	201	239	243	261	308	348	115	161	200	238	243	255	146	200	193	201
MR08_097	186	238	208	250	213	261	179	201	243	287	308	316	115	249	242	270	195	243	152	172	201	205
MR08_525	218	230	176	254	159	225	159	227	253	265	376	394	197	241	242	274	247	247	156	172	211	227
MR08_382	186	226	240	252	229	229	163	201	241	241	284	312	193	245	258	270	207	255	152	168	201	237
MR08_174	198	230	196	196	181	261	183	231	207	229	328	402	115	141	254	258	203	255	134	152	201	237
MR08_506	226	230	154	200	249	253	175	179	243	249	284	312	115	119	262	262	203	227	134	164	203	227
MR08_681	222	230	154	258	257	273	183	191	243	265	348	360	193	203	258	290	207	255	164	204	199	233
MR08_670	186	234	176	212	185	229	179	187	253	253	332	414	137	161	254	262	195	211	134	138	201	205
MR08_529	178	230	204	240	233	249	163	227	207	243	312	328	235	249	262	266	207	231	142	164	201	237
MR08_624	222	230	154	154	185	229	171	187	253	281	284	308	137	173	258	290	199	211	138	146	201	205
MR08_033	202	222	192	198	233	241	159	191	233	237	312	328	119	178	200	278	255	305	134	168	219	221
MR08_314	194	234	236	240	229	233	175	227	229	249	328	332	161	203	282	286	195	247	134	146	201	201
MR08_306	214	222	154	158	237	241	175	179	243	249	316	328	119	189	242	258	231	279	138	152	233	233
MR08_087	198	230	154	180	229	233	141	163	249	265	316	368	181	187	242	270	203	219	164	164	233	233
MR08_559	214	234	154	176	237	261	183	231	223	285	296	312	161	219	242	270	219	223	134	138	233	237
MR08_579	178	202	154	258	233	241	175	175	207	229	276	340	189	227	220	282	195	199	142	164	193	205
MR08_314	194	234	236	240	229	233	175	227	229	249	328	332	161	203	282	286	195	247	134	146	201	201
MR08_199	182	210	162	200	237	253	175	231	171	223	344	414	115	181	242	282	227	231	142	168	201	233
MR08_607	190	222	154	196	169	233	175	183	249	257	316	336	137	191	266	294	179	247	134	164	205	227
MR08_781	202	230	158	200	177	233	163	187	207	265	316	340	187	227	234	270	239	255	142	164	205	221
MR08_602	214	230	200	208	229	257	175	231	253	265	188	348	181	245	242	282	235	235	164	180	199	201
MR08_308	194	222	154	250	225	233	187	227	233	273	256	336	115	137	262	266	231	239	138	146	221	233
MR08_481	218	222	150	242	249	257	163	231	207	265	316	340	165	193	234	242	199	259	142	146	207	219
MR08_565	182	234	212	244	225	241	159	175	227	259	280	332	191	197	246	290	203	239	138	142	227	233
MR08_375	222	234	154	216	229	245	195	227	249	249	316	324	193	247	262	274	199	227	146	152	233	237
MR08_298	166	202	196	242	245	257	171	227	259	287	272	332	191	201	238	270	179	207	138	152	201	203
MR08_502	186	194	154	158	209	265	175	179	249	269	340	348	203	233	262	266	223	227	146	152	219	237
MR08_125	222	230	204	240	225	229	163	227	243	245	184	312	115	249	234	274	231	255	142	164	201	237
MR08_214	218	218	198	242	209	233	179	179	243	249	328	348	187	191	238	270	203	235	138	160	193	233
MR08_701	186	230	154	180	209	289	179	227	243	265	328	394	197	241	286	290	183	207	156	164	193	201
MR08_199	182	210	162	200	237	253	175	231	171	223	344	414	115	181	242	282	227	231	142	168	201	233
MR08_546	166	194	154	236	209	229	175	231	261	285	284	324	189	193	262	270	199	231	142	168	219	225
MR08_693	178	230	254	258	205	233	159	235	249	259	284	312	115	161	238	270	187	199	130	164	193	227
MR08_086	198	218	186	198	229	237	155	163	207	219	320	356	161	197	242	262	243	243	146	152	201	237
MR08_602	214	230	200	208	229	257	175	231	253	265	188	348	181	245	242	282	235	235	164	180	199	201
MR08_292	222	230	200	254	229	229	195	231	229	269	188	336	193	201	234	246	195	255	164	164	201	237
MR08_360	174	186	216	254	225	241	175	223	265	265	316	336	115	187	242	278	243	255	142	168	227	233
MR08_532	186	222	154	180	181	241	171	201	247	249	264	332	137	161	246	282	187	273	146	168	201	201
MR08_602	214	230	200	208	229	257	175	231	253	265	188	348	181	245	242	282	235	235	164	180	199	201
MR08_240	186	226	154	254	237	281	175	235	243	243	188	288	137	197	250	266	195	247	146	152	205	237
MR08_529	178	230	204	240	233	249	163	227	207	243	312	328	235	249	262	266	207	231	142	164	201	237
MR08_517	186	218	154	240	177	181	187	231	249	261	280	316	185	187	270	278	175	195	138	142	193	201
MR08_662	210	222	196	196	177	185	201	235	249	265	276	352	115	161	234	234	203	227	138	142	201	201
MR08_017	186	230	154	196	217	281	175	183	239	261	296	316	178	181	250	270	227	255	164	168	193	237
MR08_506	226	230	154	200	249	253	175	179	243	249	284	312	115	119	262	262	203	227	134	164	203	227
MR08_593	194	222	154	248	185	201	175	227	247	265	328	332	161	241	221	227	195	207	146	164	221	227
MR08_534	222	230	150	154	229	269	175	235	227	229	304	422	161	219	200	200	251	263	142	142	201	233
MR08_407	202	218	154	258	229	249	183	231	249	249	328	360	115	201	242	258	231	247	142	164	201	203
MR08_090	230	234	196	196	181	225	191	227	207	243	320	328	119	165	242	262	203	255	138	168	219	237
MR08_014	198	222	192	216	233	261	183	231	269	287	348	398	191	237	242	274	199	207	160	164	199	203
MR08_017	186	230	154	196	217	281	175	183	239	261	296	316	178	181	250	270	227	255	164	168	193	237
MR08_356	230	288	232	278	159	229	159	231	245	281	276	324	181	257	242	270	203	255	164	168	199	199
MR08_607	190	222	154	196	169	233	175	183	249	257	316	336	137	191	266	294	179	247	134	164	205	227
MR08_728	190	210	158	278	237	281	175	235	249	249	236	332	181	197	266	282	195	247	138	146	199	237
MR08_081	214	222	200	310	241	273	163	183	171	247	188	188	245	257	200	242	251	251	152	152	201	205
MR08_510	190	194	154	192	197	257	231	231	243	255	276	332	137	219	266	274	199	239	146	164	201	229
MR08_663	202	234	184	200	229	229	171	227	243	265	244	332	161	181	246	286	231	231	168	168	227	237
MR08_033	202	222	192	198	233	241	159	191	233	237	312	328	119	178	200	278	255	305	134	168	219	221
MR08_653	198	222	200	208	229	261	183	235	249	265	284	336	161	197	246	250	183	183	142	146	193	199
MR08_108	186	234	196	258	177	213	183	231	207	249	280	280	115	195	242	262	243	259	172	204	207	221
MR08_258	206	234	188	200	209	249	175	201	243	245	188	236	197	229	242	262	191	203	152	160	219	227
MR08_296	194	230	254	258	205	241	175	239	243	247	284	320	197	223	246	266	207	235	138	220	199	203
MR08_428	170	182	176	200	241	245	129	171	233	239	316	320	115	201	250	262	199	227	168	172	201	237
MR08_473	194	202	200	288	177	205	163	179	207	265	252	332	161	191	266	270	203	239	142	146	203	221
MR08_528	186	190	236	250	205	209	159	239	249	265	328	332	161	187	254	262	183	255	142	160	221	237
MR08_607	190	222	154	196	169	233	175	183	249	257	316	336	137	191	266	294	179	247	134	164	205	227
MR08_662	210	222	196	196	177	185	201	235	249	265	276	352	115	161	234	234	203	227	138	142	201	201
MR08_345	214	230	196	200	217	277	201	235	219	249	272	300	187	193	238	242	199	207	160	164	201	201
MR08_563	190	218	176	200	181	253	179	179	241	249	316	332	161	193	200	238	235	255	138	146	199	233
MR08_017	186	230	154	196	217	281	175	183	239	261	296	316	178	181	250	270	227	255	164	168	193	237
MR08_477	194	202	158	250	205	257	163	179	265	281	316	340	187	227	234	270	239	255	138	164	205	221
MR08_256	222	230	154	196	229	241	179	179	229	249	296	336	137	235	200	234	219	227	134	164	199	207
MR08_648	202	230	154	180	237	237	179	183	253	265	188	332	201	233	242	290	183	195	134	142	205	221
MR08_469	202	230	198	258	225	257	227	231	219	223	258	352	161	201	242	278	199	203	142	160	201	219
MR08_711	202	230	158	200	205	257	163	179	265	281	252	340	161	191	266	266	239	255	142	146	201	203
MR08_543	198	226	200	254	205	249	163	231	233	249	356	418	161	181	262	270	239	243	160	168	201	201
MR08_562	202	230	196	196	225	245	159	227	229	243	324	328	173	201	200	266	183	195	160	172	199	201
MR08_650	202	230	236	236	209	237	163	239	223	261	336	348	167	257	282	286	203	251	152	152	193	221
MR08_087	198	230	154	180	229	233	141	163	249	265	316	368	181	187	242	270	203	219	164	164	233	233
MR08_261	178	234	150	190	189	209	163	227	211	243	332	340	115	219	278	282	227	255	142	142	199	201
MR08_017	186	230	154	196	217	281	175	183	239	261	296	316	178	181	250	270	227	255	164	168	193	237
MR08_674	170	222	176	196	177	233	155	159	265	281	244	328	115	227	250	258	223	231	138	146	201	221
MR08_565	182	234	212	244	225	241	159	175	227	259	280	332	191	197	246	290	203	239	138	142	227	233
MR08_296	194	230	254	258	205	241	175	239	243	247	284	320	197	223	246	266	207	235	138	220	199	203
MR08_256	222	230	154	196	229	241	179	179	229	249	296	336	137	235	200	234	219	227	134	164	199	207
MR08_565	182	234	212	244	225	241	159	175	227	259	280	332	191	197	246	290	203	239	138	142	227	233
MR08_086	198	218	186	198	229	237	155	163	207	219	320	356	161	197	242	262	243	243	146	152	201	237
MR08_502	186	194	154	158	209	265	175	179	249	269	340	348	203	233	262	266	223	227	146	152	219	237
MR08_505	222	230	246	248	245	277	179	239	229	239	336	340	189	249	200	242	191	305	138	164	219	237
MR08_314	194	234	236	240	229	233	175	227	229	249	328	332	161	203	282	286	195	247	134	146	201	201
MR08_313	190	226	154	200	185	237	163	223	265	265	332	394	191	231	242	242	183	259	146	152	199	205
MR08_314	194	234	236	240	229	233	175	227	229	249	328	332	161	203	282	286	195	247	134	146	201	201
MR08_314	194	234	236	240	229	233	175	227	229	249	328	332	161	203	282	286	195	247	134	146	201	201
MR08_085	218	226	154	238	181	205	175	179	243	265	332	332	193	195	200	238	219	235	146	168	205	233
MR08_327	190	230	196	232	233	249	175	187	249	249	308	344	173	201	250	262	219	255	164	168	199	199
MR08_043	198	202	176	186	209	233	175	231	211	241	332	356	181	235	234	262	195	255	138	168	199	219
MR08_066	190	226	200	258	249	253	175	179	243	249	284	312	115	119	262	274	199	203	134	168	203	227
MR08_502	186	194	154	158	209	265	175	179	249	269	340	348	203	233	262	266	223	227	146	152	219	237
MR08_264	198	202	154	154	241	257	159	175	227	259	280	332	193	197	246	290	239	267	138	160	227	233
MR08_382	186	226	240	252	229	229	163	201	241	241	284	312	193	245	258	270	207	255	152	168	201	237
MR08_565	182	234	212	244	225	241	159	175	227	259	280	332	191	197	246	290	203	239	138	142	227	233
MR08_454	186	226	154	244	233	249	141	231	227	255	328	398	137	181	250	258	195	199	134	164	207	219
MR08_004	198	230	154	278	237	253	171	231	261	281	188	316	115	199	246	266	199	243	146	146	233	233
MR08_670	186	234	176	212	185	229	179	187	253	253	332	414	137	161	254	262	195	211	134	138	201	205
MR08_337	198	222	184	196	233	241	175	183	229	287	308	312	193	237	242	274	207	207	146	164	199	221
MR08_299	190	222	150	154	257	277	175	175	223	253	328	332	201	219	234	246	207	243	134	142	199	233
MR08_239	198	234	166	196	185	233	207	231	255	265	188	316	181	191	242	254	211	243	134	164	193	199
MR08_489	222	230	154	248	209	245	159	175	229	239	320	340	189	249	242	258	191	203	138	164	219	237
MR08_620	198	214	196	250	205	229	195	227	243	249	272	316	191	245	234	282	211	231	138	146	201	207
MR08_653	198	222	200	208	229	261	183	235	249	265	284	336	161	197	246	250	183	183	142	146	193	199
MR08_005	198	214	150	176	257	277	207	231	241	253	272	332	139	139	234	234	199	235	142	156	211	233
MR08_258	206	234	188	200	209	249	175	201	243	245	188	236	197	229	242	262	191	203	152	160	219	227
MR08_178	214	230	236	246	185	257	163	195	219	219	336	336	187	191	238	266	227	235	142	152	203	221
MR08_113	230	234	200	236	209	241	129	201	243	265	308	348	161	227	200	238	243	255	146	200	193	203
MR08_449	210	238	194	196	237	257	199	227	265	281	332	402	161	197	238	266	207	235	138	164	201	233
MR08_239	198	234	166	196	185	233	207	231	255	265	188	316	181	191	242	254	211	243	134	164	193	199
MR08_528	186	190	236	250	205	209	159	239	249	265	328	332	161	187	254	262	183	255	142	160	221	237
MR08_096	202	234	180	236	229	237	183	183	233	261	248	336	227	231	234	242	199	279	142	152	201	219
MR08_692	182	202	196	216	213	281	171	183	243	249	244	316	161	201	234	274	211	243	142	168	193	201
MR08_492	186	190	166	198	237	277	175	231	265	277	316	332	141	191	242	242	207	239	142	164	193	199
MR08_649	190	194	158	254	241	273	163	175	207	239	328	348	191	269	270	278	231	231	138	142	221	227
MR08_631	198	210	194	236	197	237	175	231	233	273	316	332	115	197	242	266	191	259	138	146	201	201
MR08_564	190	230	192	200	237	261	227	231	237	269	296	348	181	245	234	246	207	231	142	180	199	199
MR08_548	198	230	196	196	181	261	183	231	241	269	280	280	115	161	234	282	203	255	134	152	221	237
MR08_363	182	190	196	240	237	237	223	235	243	265	340	394	155	203	246	254	207	259	134	142	193	237
MR08_142	182	198	212	216	225	245	179	207	243	287	316	328	161	247	266	274	203	203	138	184	201	219
MR08_567	202	222	154	198	261	277	183	183	249	265	324	332	115	193	238	250	183	243	142	146	193	199
MR08_615	222	230	242	254	225	249	175	179	261	269	320	328	115	119	246	266	235	235	130	138	221	233
MR08_835	222	230	196	254	229	249	179	201	261	269	320	328	119	197	234	246	207	235	130	160	221	233
MR08_316	222	230	176	196	177	233	155	201	211	243	244	284	197	227	234	234	203	207	134	164	221	237
MR08_624	222	230	154	154	185	229	171	187	253	281	284	308	137	173	258	290	199	211	138	146	201	205
MR08_313	190	226	154	200	185	237	163	223	265	265	332	394	191	231	242	242	183	259	146	152	199	205
MR08_165	190	194	208	254	225	233	159	227	243	243	328	348	181	193	242	246	203	231	138	180	199	199
MR08_601	190	210	158	240	233	253	183	207	243	277	316	328	181	193	254	258	207	207	134	138	201	233
MR08_795	190	230	186	204	237	265	163	179	243	261	332	340	119	193	258	282	219	227	134	138	201	221
MR08_239	198	234	166	196	185	233	207	231	255	265	188	316	181	191	242	254	211	243	134	164	193	199
MR08_142	182	198	212	216	225	245	179	207	243	287	316	328	161	247	266	274	203	203	138	184	201	219
MR08_628	194	230	192	200	229	233	183	201	243	265	280	340	161	187	238	274	207	255	146	168	201	237
MR08_781	202	230	158	200	177	233	163	187	207	265	316	340	187	227	234	270	239	255	142	164	205	221
MR08_853	218	234	158	236	169	229	201	239	243	285	236	332	197	227	242	242	227	255	142	146	201	219
MR08_559	214	234	154	176	237	261	183	231	223	285	296	312	161	219	242	270	219	223	134	138	233	237
MR08_872	214	230	196	200	237	241	163	179	219	261	332	336	119	235	250	250	191	219	134	146	201	221
MR08_085	218	226	154	238	181	205	175	179	243	265	332	332	193	195	200	238	219	235	146	168	205	233
MR08_747	230	234	236	236	185	257	183	201	233	265	248	328	161	241	234	286	195	279	142	168	199	203
MR08_681	222	230	154	258	257	273	183	191	243	265	348	360	193	203	258	290	207	255	164	204	199	233
MR08_506	226	230	154	200	249	253	175	179	243	249	284	312	115	119	262	262	203	227	134	164	203	227
MR08_612	190	214	250	250	193	257	129	175	253	277	188	348	181	193	246	262	199	235	164	180	199	201
MR08_490	202	230	154	196	229	229	227	235	229	253	184	336	161	237	234	258	199	203	134	204	201	219
MR08_693	178	230	254	258	205	233	159	235	249	259	284	312	115	161	238	270	187	199	130	164	193	227
MR08_081	214	222	200	310	241	273	163	183	171	247	188	188	245	257	200	242	251	251	152	152	201	205
MR08_258	206	234	188	200	209	249	175	201	243	245	188	236	197	229	242	262	191	203	152	160	219	227
MR08_607	190	222	154	196	169	233	175	183	249	257	316	336	137	191	266	294	179	247	134	164	205	227
MR08_225	182	198	196	246	209	217	179	239	207	219	320	348	181	249	238	254	191	199	152	168	221	233
MR08_732	226	238	186	200	205	233	179	183	219	265	332	332	161	181	200	262	183	255	160	160	221	233
MR08_043	198	202	176	186	209	233	175	231	211	241	332	356	181	235	234	262	195	255	138	168	199	219
MR08_725	210	230	150	198	189	265	159	183	243	281	240	252	137	167	278	282	195	207	142	142	193	201
MR08_022	214	218	200	236	229	249	175	183	171	249	184	352	201	249	238	242	203	255	204	246	193	199
MR08_521	186	230	208	258	213	237	155	207	235	269	188	398	115	217	278	282	195	219	156	168	199	221
MR08_457	226	230	154	154	209	241	175	179	243	249	276	284	115	119	262	274	203	227	134	168	199	203
MR08_634	198	230	158	246	257	261	183	183	239	269	332	344	181	249	270	282	195	251	138	138	199	201
MR08_531	218	226	198	258	237	249	159	227	233	253	348	394	161	237	274	282	247	247	142	172	201	227
MR08_321	190	210	158	240	229	233	179	183	233	277	320	328	161	178	242	286	207	207	138	152	201	237
MR08_299	190	222	150	154	257	277	175	175	223	253	328	332	201	219	234	246	207	243	134	142	199	233
MR08_502	186	194	154	158	209	265	175	179	249	269	340	348	203	233	262	266	223	227	146	152	219	237
MR08_361	206	222	158	200	209	249	175	243	245	261	188	236	178	197	242	262	191	259	152	168	199	227
MR08_189	170	226	154	180	181	193	171	179	233	259	272	320	189	189	246	270	195	195	152	204	193	201
MR08_027	202	218	154	236	229	249	163	175	243	249	316	352	191	227	238	290	187	203	204	246	199	201
MR08_540	202	218	176	262	241	273	175	179	223	243	308	398	191	197	200	246	191	199	142	146	201	227
MR08_691	230	238	154	158	177	257	129	207	219	223	328	402	137	187	242	242	195	195	138	146	233	233
MR08_578	194	198	250	254	237	253	179	227	171	269	280	312	161	191	234	258	199	203	142	164	193	201
MR08_663	202	234	184	200	229	229	171	227	243	265	244	332	161	181	246	286	231	231	168	168	227	237
MR08_285	222	230	162	200	205	249	175	231	171	223	280	414	115	187	258	282	203	219	142	176	193	205
MR08_586	222	234	154	196	217	273	183	183	243	273	316	360	193	203	254	266	239	255	164	168	199	219
MR08_474	194	202	204	236	249	277	187	227	233	253	340	352	115	249	246	274	199	235	142	152	199	201
MR08_692	182	202	196	216	213	281	171	183	243	249	244	316	161	201	234	274	211	243	142	168	193	201
MR08_606	186	230	200	200	181	209	231	231	207	253	332	336	115	115	200	246	207	239	138	138	193	205
MR08_702	182	222	154	232	177	209	175	207	223	243	308	312	115	191	270	270	195	199	156	160	193	207
MR08_492	186	190	166	198	237	277	175	231	265	277	316	332	141	191	242	242	207	239	142	164	193	199
MR08_313	190	226	154	200	185	237	163	223	265	265	332	394	191	231	242	242	183	259	146	152	199	205
MR08_571	182	190	154	204	209	253	163	179	211	253	316	340	187	191	234	242	235	243	146	168	199	233
MR08_679	198	202	258	274	209	241	175	231	211	241	332	340	235	247	234	242	195	255	168	172	199	219
MR08_711	202	230	158	200	205	257	163	179	265	281	252	340	161	191	266	266	239	255	142	146	201	203
MR08_522	230	238	250	250	249	277	183	183	219	261	280	348	193	243	250	266	195	203	142	152	193	205
MR08_612	190	214	250	250	193	257	129	175	253	277	188	348	181	193	246	262	199	235	164	180	199	201
MR08_522	230	238	250	250	249	277	183	183	219	261	280	348	193	243	250	266	195	203	142	152	193	205
MR08_490	202	230	154	196	229	229	227	235	229	253	184	336	161	237	234	258	199	203	134	204	201	219
MR08_134	202	238	190	200	225	261	175	231	249	269	312	328	185	191	238	242	179	195	142	142	199	233
MR08_566	226	230	154	154	209	237	179	231	219	243	328	340	165	191	238	262	203	219	146	152	221	237
MR08_035	190	222	196	204	181	241	163	239	219	249	332	340	119	235	250	250	227	279	146	152	201	227
MR08_557	182	226	200	244	201	237	175	231	247	249	316	418	159	197	242	282	191	231	142	146	199	227
MR08_650	202	230	236	236	209	237	163	239	223	261	336	348	167	257	282	286	203	251	152	152	193	221
MR08_233	186	230	158	212	181	261	175	195	233	239	316	332	185	189	242	242	227	235	134	160	211	219
MR08_566	226	230	154	154	209	237	179	231	219	243	328	340	165	191	238	262	203	219	146	152	221	237
MR08_575	218	230	176	254	249	249	171	235	223	233	376	394	137	197	242	274	247	247	142	204	201	227
MR08_525	218	230	176	254	159	225	159	227	253	265	376	394	197	241	242	274	247	247	156	172	211	227
MR08_015	194	222	154	258	229	241	179	201	243	261	264	336	197	235	246	262	195	235	152	160	199	199
MR08_715	182	182	200	200	233	237	175	231	247	249	188	392	187	187	242	282	183	247	142	142	201	227
MR08_607	190	222	154	196	169	233	175	183	249	257	316	336	137	191	266	294	179	247	134	164	205	227
MR08_728	190	210	158	278	237	281	175	235	249	249	236	332	181	197	266	282	195	247	138	146	199	237
MR08_212	182	222	150	242	229	233	141	201	243	245	184	312	115	249	234	274	247	255	152	164	199	201
MR08_698	186	222	154	232	229	241	175	235	249	265	332	336	181	235	242	258	191	199	138	164	193	199
MR08_601	190	210	158	240	233	253	183	207	243	277	316	328	181	193	254	258	207	207	134	138	201	233
MR08_522	230	238	250	250	249	277	183	183	219	261	280	348	193	243	250	266	195	203	142	152	193	205
MR08_641	186	222	154	162	213	241	187	231	223	269	316	324	137	181	262	266	199	199	168	176	199	201
MR08_536	202	238	154	258	213	241	179	201	243	261	264	336	197	235	200	242	199	199	152	160	201	201
MR08_563	190	218	176	200	181	253	179	179	241	249	316	332	161	193	200	238	235	255	138	146	199	233
MR08_601	190	210	158	240	233	253	183	207	243	277	316	328	181	193	254	258	207	207	134	138	201	233
MR08_085	218	226	154	238	181	205	175	179	243	265	332	332	193	195	200	238	219	235	146	168	205	233
MR08_755	182	198	196	240	237	237	227	231	233	265	324	360	181	229	270	286	207	239	142	160	201	207
MR08_675	186	202	154	158	233	249	187	207	265	269	336	352	189	193	278	290	211	243	160	168	199	199
MR08_677	182	238	250	250	253	277	183	227	223	261	320	356	193	243	250	266	195	203	142	152	193	205
MR08_410	190	230	196	250	205	257	163	231	243	277	332	348	161	249	274	282	203	243	142	146	227	227
MR08_650	202	230	236	236	209	237	163	239	223	261	336	348	167	257	282	286	203	251	152	152	193	221
MR08_422	202	226	242	258	185	229	155	179	235	277	280	316	161	253	258	290	195	195	164	212	193	201
MR08_201	214	230	204	254	209	237	201	227	207	243	240	348	161	235	200	282	199	199	146	152	227	227
MR08_828	194	226	198	200	181	261	175	179	243	269	244	284	193	235	258	270	195	199	142	152	203	205
MR08_060	194	198	154	196	245	277	191	195	233	243	328	344	141	235	220	254	235	239	142	142	193	219
MR08_734	198	234	186	216	185	213	233	239	207	247	332	340	193	227	262	282	243	259	138	152	201	227
MR08_128	186	226	158	198	257	269	163	227	227	253	316	336	187	207	234	242	231	255	146	168	201	227
MR08_826	174	230	154	254	181	225	175	231	249	265	316	328	115	233	242	278	243	255	142	142	227	233
MR08_605	230	230	250	288	205	257	163	179	243	281	252	332	161	191	266	266	203	255	142	146	205	221
MR08_063	222	230	192	200	229	229	175	183	249	273	188	188	201	237	234	266	195	203	142	152	201	233
MR08_564	190	230	192	200	237	261	227	231	237	269	296	348	181	245	234	246	207	231	142	180	199	199
MR08_099	194	222	154	154	213	241	179	201	223	243	264	336	193	235	242	246	195	235	152	160	201	201
MR08_285	222	230	162	200	205	249	175	231	171	223	280	414	115	187	258	282	203	219	142	176	193	205
MR08_085	218	226	154	238	181	205	175	179	243	265	332	332	193	195	200	238	219	235	146	168	205	233
MR08_052	186	230	154	254	229	273	175	195	249	273	188	336	193	201	266	270	195	255	142	164	201	233
MR08_606	186	230	200	200	181	209	231	231	207	253	332	336	115	115	200	246	207	239	138	138	193	205
MR08_606	186	230	200	200	181	209	231	231	207	253	332	336	115	115	200	246	207	239	138	138	193	205
MR08_568	190	190	198	240	209	245	183	231	223	269	316	336	181	253	242	262	199	255	138	164	207	219
MR08_192	214	222	192	212	225	237	175	187	207	265	316	348	137	245	234	246	227	235	142	152	201	227
MR08_270	182	214	196	198	229	273	201	227	207	249	240	280	161	235	274	282	199	199	142	152	199	201
MR08_159	194	222	196	254	237	249	183	227	207	243	288	308	115	227	254	266	235	243	142	168	221	233
MR08_544	194	222	154	192	217	233	201	227	233	273	256	392	115	137	262	266	231	239	138	168	221	233
MR08_640	182	198	176	208	217	237	191	231	235	243	404	406	115	185	274	282	243	267	152	164	201	233
MR08_796	202	234	192	196	257	257	227	239	207	249	188	276	181	187	238	278	199	211	164	164	201	233
MR08_184	226	230	154	200	233	277	187	227	273	281	252	332	115	161	246	262	207	255	168	242	199	201
MR08_606	186	230	200	200	181	209	231	231	207	253	332	336	115	115	200	246	207	239	138	138	193	205
MR08_190	190	226	194	204	229	261	201	231	229	253	280	324	137	181	234	262	199	243	142	168	201	219
MR08_690	190	230	176	254	205	269	141	201	223	249	340	360	181	201	234	254	195	235	160	160	219	227
MR08_650	202	230	236	236	209	237	163	239	223	261	336	348	167	257	282	286	203	251	152	152	193	221
MR08_004	198	230	154	278	237	253	171	231	261	281	188	316	115	199	246	266	199	243	146	146	233	233
MR08_748	190	190	158	200	233	257	231	235	207	253	284	312	181	233	242	282	199	239	156	160	201	201
MR08_465	190	230	196	204	237	241	201	239	243	261	280	340	119	235	250	258	227	279	134	138	201	201
MR08_074	230	234	154	158	169	185	159	201	233	247	352	380	181	231	238	242	243	279	142	212	199	201
MR08_027	202	218	154	236	229	249	163	175	243	249	316	352	191	227	238	290	187	203	204	246	199	201
MR08_573	194	222	154	230	181	225	179	179	227	265	336	348	161	251	238	278	191	199	138	156	201	233
MR08_490	202	230	154	196	229	229	227	235	229	253	184	336	161	237	234	258	199	203	134	204	201	219
MR08_563	190	218	176	200	181	253	179	179	241	249	316	332	161	193	200	238	235	255	138	146	199	233
MR08_681	222	230	154	258	257	273	183	191	243	265	348	360	193	203	258	290	207	255	164	204	199	233
MR08_063	222	230	192	200	229	229	175	183	249	273	188	188	201	237	234	266	195	203	142	152	201	233
MR08_416	222	234	150	180	261	277	171	183	247	273	344	352	137	207	262	270	207	235	152	152	203	221
MR08_074	230	234	154	158	169	185	159	201	233	247	352	380	181	231	238	242	243	279	142	212	199	201
MR08_639	182	222	204	240	229	233	163	201	207	243	184	280	115	193	266	274	247	255	164	164	199	201
MR08_010	230	230	150	158	225	237	227	239	207	207	328	332	135	187	246	246	195	239	146	168	201	233
MR08_197	182	198	258	274	233	241	175	231	207	241	332	340	235	247	234	262	207	235	138	168	199	219
MR08_085	218	226	154	238	181	205	175	179	243	265	332	332	193	195	200	238	219	235	146	168	205	233
MR08_805	182	210	154	186	181	261	207	231	261	261	336	352	137	161	242	262	207	227	160	164	219	233
MR08_559	214	234	154	176	237	261	183	231	223	285	296	312	161	219	242	270	219	223	134	138	233	237
MR08_074	230	234	154	158	169	185	159	201	233	247	352	380	181	231	238	242	243	279	142	212	199	201
MR08_266	198	202	258	274	209	209	159	231	211	241	332	340	115	181	242	242	195	255	168	168	205	219
MR08_162	194	210	236	254	237	277	227	239	253	269	280	344	137	137	266	266	235	243	130	164	233	233
MR08_474	194	202	204	236	249	277	187	227	233	253	340	352	115	249	246	274	199	235	142	152	199	201
MR08_266	198	202	258	274	209	209	159	231	211	241	332	340	115	181	242	242	195	255	168	168	205	219
MR08_337	198	222	184	196	233	241	175	183	229	287	308	312	193	237	242	274	207	207	146	164	199	221
MR08_747	230	234	236	236	185	257	183	201	233	265	248	328	161	241	234	286	195	279	142	168	199	203
MR08_655	190	198	242	254	241	249	155	203	249	277	188	392	115	227	238	270	183	231	134	160	201	233
MR08_085	218	226	154	238	181	205	175	179	243	265	332	332	193	195	200	238	219	235	146	168	205	233
MR08_258	206	234	188	200	209	249	175	201	243	245	188	236	197	229	242	262	191	203	152	160	219	227
MR08_605	230	230	250	288	205	257	163	179	243	281	252	332	161	191	266	266	203	255	142	146	205	221
MR08_258	206	234	188	200	209	249	175	201	243	245	188	236	197	229	242	262	191	203	152	160	219	227
MR08_597	214	222	198	200	237	237	201	235	247	265	272	284	137	137	242	242	259	259	146	160	201	227
MR08_373	198	226	198	242	249	285	149	175	219	243	252	284	181	197	200	226	203	231	146	208	203	205
MR08_023	214	222	150	310	233	241	183	207	171	241	276	316	167	257	200	242	251	251	152	168	203	233
MR08_599	234	238	154	196	233	277	175	187	243	249	316	340	187	203	234	282	207	251	152	168	193	207
MR08_660	230	238	150	248	197	249	183	227	223	249	320	348	193	243	250	266	195	203	142	152	205	229
MR08_142	182	198	212	216	225	245	179	207	243	287	316	328	161	247	266	274	203	203	138	184	201	219
MR08_528	186	190	236	250	205	209	159	239	249	265	328	332	161	187	254	262	183	255	142	160	221	237
MR08_563	190	218	176	200	181	253	179	179	241	249	316	332	161	193	200	238	235	255	138	146	199	233
MR08_662	210	222	196	196	177	185	201	235	249	265	276	352	115	161	234	234	203	227	138	142	201	201
MR08_612	190	214	250	250	193	257	129	175	253	277	188	348	181	193	246	262	199	235	164	180	199	201
MR08_799	190	202	180	216	213	281	171	239	227	269	244	316	191	197	234	274	211	231	138	142	193	201
MR08_085	218	226	154	238	181	205	175	179	243	265	332	332	193	195	200	238	219	235	146	168	205	233
MR08_238	186	186	154	250	209	261	159	179	243	249	324	332	115	241	262	266	207	263	138	142	203	227
MR08_469	202	230	198	258	225	257	227	231	219	223	258	352	161	201	242	278	199	203	142	160	201	219
MR08_584	182	186	200	258	233	237	163	183	245	249	316	418	187	197	282	290	183	247	142	146	201	227
MR08_066	190	226	200	258	249	253	175	179	243	249	284	312	115	119	262	274	199	203	134	168	203	227
MR08_316	222	230	176	196	177	233	155	201	211	243	244	284	197	227	234	234	203	207	134	164	221	237
MR08_838	194	218	196	244	249	257	179	231	247	269	348	356	115	189	242	290	199	227	138	152	199	233
MR08_709	186	202	154	258	177	241	155	235	207	263	264	304	181	185	234	238	219	267	146	160	227	233
MR08_060	194	198	154	196	245	277	191	195	233	243	328	344	141	235	220	254	235	239	142	142	193	219
MR08_723	222	230	200	242	257	277	227	227	249	269	316	328	187	187	242	266	211	247	152	164	199	227
MR08_474	194	202	204	236	249	277	187	227	233	253	340	352	115	249	246	274	199	235	142	152	199	201
MR08_467	198	222	192	196	233	241	227	231	229	287	312	398	193	199	242	270	207	207	160	164	199	203
MR08_703	194	202	150	310	233	241	201	207	241	249	276	316	181	245	200	242	207	255	152	168	201	233
MR08_674	170	222	176	196	177	233	155	159	265	281	244	328	115	227	250	258	223	231	138	146	201	221
MR08_451	186	194	150	198	181	209	175	227	207	269	316	340	119	191	258	286	195	239	142	142	201	233
MR08_239	198	234	166	196	185	233	207	231	255	265	188	316	181	191	242	254	211	243	134	164	193	199
MR08_559	214	234	154	176	237	261	183	231	223	285	296	312	161	219	242	270	219	223	134	138	233	237
MR08_647	198	230	204	388	209	241	201	235	243	253	308	332	115	191	250	274	199	263	152	176	193	199
MR08_873	190	222	180	196	177	181	201	223	249	253	188	356	137	189	234	270	195	199	134	146	203	221
MR08_085	218	226	154	238	181	205	175	179	243	265	332	332	193	195	200	238	219	235	146	168	205	233
MR08_701	186	230	154	180	209	289	179	227	243	265	328	394	197	241	286	290	183	207	156	164	193	201
MR08_715	182	182	200	200	233	237	175	231	247	249	188	392	187	187	242	282	183	247	142	142	201	227
MR08_184	226	230	154	200	233	277	187	227	273	281	252	332	115	161	246	262	207	255	168	242	199	201
MR08_085	218	226	154	238	181	205	175	179	243	265	332	332	193	195	200	238	219	235	146	168	205	233
MR08_184	226	230	154	200	233	277	187	227	273	281	252	332	115	161	246	262	207	255	168	242	199	201
MR08_314	194	234	236	240	229	233	175	227	229	249	328	332	161	203	282	286	195	247	134	146	201	201
MR08_559	214	234	154	176	237	261	183	231	223	285	296	312	161	219	242	270	219	223	134	138	233	237
MR08_467	198	222	192	196	233	241	227	231	229	287	312	398	193	199	242	270	207	207	160	164	199	203
MR08_147	190	202	200	250	249	277	187	201	253	257	272	276	115	227	238	246	199	251	164	176	221	237
MR08_692	182	202	196	216	213	281	171	183	243	249	244	316	161	201	234	274	211	243	142	168	193	201
MR08_454	186	226	154	244	233	249	141	231	227	255	328	398	137	181	250	258	195	199	134	164	207	219
MR08_756	186	194	158	184	209	265	175	175	245	249	340	348	203	233	262	266	223	227	142	146	201	219
MR08_563	190	218	176	200	181	253	179	179	241	249	316	332	161	193	200	238	235	255	138	146	199	233
MR08_111	194	230	196	196	237	261	179	179	219	253	284	332	181	235	238	250	195	219	134	142	201	203
MR08_781	202	230	158	200	177	233	163	187	207	265	316	340	187	227	234	270	239	255	142	164	205	221
MR08_709	186	202	154	258	177	241	155	235	207	263	264	304	181	185	234	238	219	267	146	160	227	233
MR08_335	230	234	198	236	173	241	201	239	243	261	308	348	115	161	200	238	243	255	146	200	193	201
MR08_874	186	226	154	250	221	225	201	235	243	249	236	348	115	137	238	250	195	247	152	152	205	221
MR08_853	218	234	158	236	169	229	201	239	243	285	236	332	197	227	242	242	227	255	142	146	201	219
MR08_755	182	198	196	240	237	237	227	231	233	265	324	360	181	229	270	286	207	239	142	160	201	207
MR08_853	218	234	158	236	169	229	201	239	243	285	236	332	197	227	242	242	227	255	142	146	201	219
MR08_715	182	182	200	200	233	237	175	231	247	249	188	392	187	187	242	282	183	247	142	142	201	227
MR08_219	182	222	158	180	181	249	175	187	249	287	284	336	178	193	234	270	259	267	142	146	193	201
MR08_484	202	230	180	392	209	261	179	235	247	261	328	328	227	245	250	282	203	215	138	142	199	199
MR08_085	218	226	154	238	181	205	175	179	243	265	332	332	193	195	200	238	219	235	146	168	205	233
MR08_852	182	238	176	244	257	261	159	231	233	253	188	332	201	219	242	242	207	207	164	164	219	227
MR08_194	182	230	176	200	229	237	163	235	243	273	188	320	155	237	234	274	195	203	152	184	199	219
MR08_872	214	230	196	200	237	241	163	179	219	261	332	336	119	235	250	250	191	219	134	146	201	221
MR08_519	202	218	154	196	177	241	235	235	207	261	264	304	181	193	242	250	231	267	146	160	227	233
MR08_497	226	226	176	200	225	281	201	235	243	249	236	348	137	178	238	242	235	247	134	152	205	233
MR08_467	198	222	192	196	233	241	227	231	229	287	312	398	193	199	242	270	207	207	160	164	199	203
MR08_799	190	202	180	216	213	281	171	239	227	269	244	316	191	197	234	274	211	231	138	142	193	201
MR08_853	218	234	158	236	169	229	201	239	243	285	236	332	197	227	242	242	227	255	142	146	201	219
MR08_575	218	230	176	254	249	249	171	235	223	233	376	394	137	197	242	274	247	247	142	204	201	227
MR08_689	166	190	242	254	181	197	201	231	249	277	332	392	115	227	234	262	183	231	134	160	201	203
MR08_585	190	210	154	254	233	253	179	183	229	233	320	328	181	193	254	258	207	207	134	138	201	233
MR08_848	230	238	154	242	229	249	175	179	239	269	320	328	115	183	234	246	207	239	130	138	199	233
MR08_286	186	186	154	154	237	249	171	179	233	249	324	352	115	167	262	266	251	263	134	142	199	221
MR08_564	190	230	192	200	237	261	227	231	237	269	296	348	181	245	234	246	207	231	142	180	199	199
MR08_576	190	222	196	198	237	277	175	231	207	253	332	336	185	229	266	266	199	207	134	138	199	221
MR08_714	178	190	254	258	185	205	159	235	249	251	284	312	115	191	238	270	187	305	130	164	193	207
MR08_320	186	202	154	166	229	237	235	239	171	255	316	394	203	219	242	282	183	203	152	204	199	233
MR08_260	198	226	154	242	177	229	175	191	219	243	328	348	115	181	226	258	203	231	146	208	203	205
MR08_857	166	210	180	254	197	277	201	207	223	223	272	398	181	185	242	262	215	231	146	156	201	211
MR08_692	182	202	196	216	213	281	171	183	243	249	244	316	161	201	234	274	211	243	142	168	193	201
MR08_862	182	198	166	196	237	281	223	235	253	265	332	336	115	203	246	254	199	219	134	152	193	237
MR08_567	202	222	154	198	261	277	183	183	249	265	324	332	115	193	238	250	183	243	142	146	193	199
MR08_610	186	226	154	176	221	237	163	183	251	253	236	352	137	193	258	270	211	267	134	152	201	221
MR08_014	198	222	192	216	233	261	183	231	269	287	348	398	191	237	242	274	199	207	160	164	199	203
MR08_190	190	226	194	204	229	261	201	231	229	253	280	324	137	181	234	262	199	243	142	168	201	219
MR08_476	190	190	180	288	205	225	163	179	239	247	340	348	119	219	234	234	227	243	146	164	201	233
MR08_591	194	226	154	180	229	261	179	239	211	253	284	340	161	191	234	242	203	255	146	146	199	221
MR08_219	182	222	158	180	181	249	175	187	249	287	284	336	178	193	234	270	259	267	142	146	193	201
MR08_823	186	234	154	254	237	281	175	227	233	243	288	332	137	161	250	266	235	247	146	152	201	205
MR08_787	222	234	154	154	237	241	227	239	171	243	308	332	191	193	242	278	203	207	138	168	201	201
MR08_655	190	198	242	254	241	249	155	203	249	277	188	392	115	227	238	270	183	231	134	160	201	233
MR08_683	182	222	150	240	229	233	141	227	207	243	312	328	115	193	234	274	207	247	142	164	199	201
MR08_125	222	230	204	240	225	229	163	227	243	245	184	312	115	249	234	274	231	255	142	164	201	237
MR08_017	186	230	154	196	217	281	175	183	239	261	296	316	178	181	250	270	227	255	164	168	193	237
MR08_360	174	186	216	254	225	241	175	223	265	265	316	336	115	187	242	278	243	255	142	168	227	233
MR08_716	230	230	154	216	181	233	159	227	243	251	276	328	193	233	262	278	239	267	142	152	207	237
MR08_544	194	222	154	192	217	233	201	227	233	273	256	392	115	137	262	266	231	239	138	168	221	233
MR08_607	190	222	154	196	169	233	175	183	249	257	316	336	137	191	266	294	179	247	134	164	205	227
MR08_679	198	202	258	274	209	241	175	231	211	241	332	340	235	247	234	242	195	255	168	172	199	219
MR08_702	182	222	154	232	177	209	175	207	223	243	308	312	115	191	270	270	195	199	156	160	193	207
MR08_452	182	190	250	250	253	277	183	235	223	249	320	356	193	243	250	266	215	239	142	152	205	229
MR08_771	218	238	194	196	241	257	183	223	265	277	344	406	137	161	238	266	231	235	164	168	201	233
MR08_043	198	202	176	186	209	233	175	231	211	241	332	356	181	235	234	262	195	255	138	168	199	219
MR08_584	182	186	200	258	233	237	163	183	245	249	316	418	187	197	282	290	183	247	142	146	201	227
MR08_194	182	230	176	200	229	237	163	235	243	273	188	320	155	237	234	274	195	203	152	184	199	219
MR08_063	222	230	192	200	229	229	175	183	249	273	188	188	201	237	234	266	195	203	142	152	201	233
MR08_397	190	202	200	254	209	277	175	187	257	257	276	312	115	227	238	282	183	199	164	164	199	227
MR08_063	222	230	192	200	229	229	175	183	249	273	188	188	201	237	234	266	195	203	142	152	201	233
MR08_244	182	230	158	192	241	249	175	175	243	261	316	328	115	249	238	274	195	231	142	152	201	201
MR08_429	194	238	198	254	253	277	191	231	243	255	328	344	115	135	242	254	195	231	156	164	203	219
MR08_501	214	230	186	204	237	265	201	239	219	261	332	340	119	193	258	282	191	219	134	146	221	227
MR08_649	190	194	158	254	241	273	163	175	207	239	328	348	191	269	270	278	231	231	138	142	221	227
MR08_094	210	230	154	184	237	253	231	235	207	261	188	332	115	181	246	266	199	243	138	146	201	219
MR08_572	230	234	154	242	233	277	187	201	223	253	252	332	119	173	262	262	207	255	138	242	199	199
MR08_513	186	210	154	192	225	237	231	231	229	243	332	392	191	221	266	274	231	259	164	176	233	233
MR08_772	222	222	154	262	233	289	175	235	253	265	332	336	181	235	250	290	191	199	138	164	199	199
MR08_298	166	202	196	242	245	257	171	227	259	287	272	332	191	201	238	270	179	207	138	152	201	203
MR08_529	178	230	204	240	233	249	163	227	207	243	312	328	235	249	262	266	207	231	142	164	201	237
MR08_397	190	202	200	254	209	277	175	187	257	257	276	312	115	227	238	282	183	199	164	164	199	227
MR08_711	202	230	158	200	205	257	163	179	265	281	252	340	161	191	266	266	239	255	142	146	201	203
MR08_564	190	230	192	200	237	261	227	231	237	269	296	348	181	245	234	246	207	231	142	180	199	199
MR08_624	222	230	154	154	185	229	171	187	253	281	284	308	137	173	258	290	199	211	138	146	201	205
MR08_367	198	210	158	240	233	253	183	207	229	243	316	328	181	193	258	286	207	207	134	138	193	233
MR08_481	218	222	150	242	249	257	163	231	207	265	316	340	165	193	234	242	199	259	142	146	207	219
MR08_319	210	234	224	248	229	229	183	201	233	265	292	348	189	255	242	274	255	279	168	168	199	199
MR08_314	194	234	236	240	229	233	175	227	229	249	328	332	161	203	282	286	195	247	134	146	201	201
MR08_492	186	190	166	198	237	277	175	231	265	277	316	332	141	191	242	242	207	239	142	164	193	199
MR08_607	190	222	154	196	169	233	175	183	249	257	316	336	137	191	266	294	179	247	134	164	205	227
MR08_094	210	230	154	184	237	253	231	235	207	261	188	332	115	181	246	266	199	243	138	146	201	219
MR08_501	214	230	186	204	237	265	201	239	219	261	332	340	119	193	258	282	191	219	134	146	221	227
MR08_482	210	214	192	212	249	261	129	179	207	265	284	348	189	245	234	282	199	235	168	180	201	201
MR08_473	194	202	200	288	177	205	163	179	207	265	252	332	161	191	266	270	203	239	142	146	203	221
MR08_458	198	222	150	242	181	241	159	175	207	265	328	340	193	249	234	242	207	259	138	142	201	219
MR08_660	230	238	150	248	197	249	183	227	223	249	320	348	193	243	250	266	195	203	142	152	205	229
MR08_515	194	202	158	250	205	257	163	187	207	243	316	340	187	227	234	266	239	255	142	164	203	221
MR08_553	198	202	154	196	237	281	179	179	243	261	284	324	181	197	242	246	183	199	142	142	193	233
MR08_581	222	226	196	200	185	281	175	227	243	251	288	332	137	181	246	266	195	267	152	164	199	199
MR08_619	230	230	196	200	237	253	175	227	223	285	332	360	191	197	258	266	239	239	142	152	199	237
MR08_376	226	230	154	258	181	297	175	227	247	287	348	356	161	197	242	262	203	211	160	164	201	233
MR08_478	190	230	158	258	241	261	163	231	239	243	188	284	115	191	242	266	203	247	152	172	201	233
MR08_486	210	234	180	250	229	277	175	175	241	243	336	376	191	201	282	290	179	203	142	172	201	219
MR08_717	170	222	154	196	229	241	183	207	233	249	184	312	137	167	226	242	199	211	138	164	201	227
MR08_662	210	222	196	196	177	185	201	235	249	265	276	352	115	161	234	234	203	227	138	142	201	201
MR08_014	198	222	192	216	233	261	183	231	269	287	348	398	191	237	242	274	199	207	160	164	199	203
MR08_320	186	202	154	166	229	237	235	239	171	255	316	394	203	219	242	282	183	203	152	204	199	233
MR08_256	222	230	154	196	229	241	179	179	229	249	296	336	137	235	200	234	219	227	134	164	199	207
MR08_401	190	226	254	258	229	233	163	163	249	251	340	352	115	161	238	270	267	305	130	164	203	207
MR08_092	202	230	176	260	261	265	183	239	243	247	316	402	137	219	242	262	247	255	138	146	199	237
MR08_085	218	226	154	238	181	205	175	179	243	265	332	332	193	195	200	238	219	235	146	168	205	233
MR08_711	202	230	158	200	205	257	163	179	265	281	252	340	161	191	266	266	239	255	142	146	201	203
MR08_320	186	202	154	166	229	237	235	239	171	255	316	394	203	219	242	282	183	203	152	204	199	233
MR08_097	186	238	208	250	213	261	179	201	243	287	308	316	115	249	242	270	195	243	152	172	201	205
MR08_074	230	234	154	158	169	185	159	201	233	247	352	380	181	231	238	242	243	279	142	212	199	201
MR08_319	210	234	224	248	229	229	183	201	233	265	292	348	189	255	242	274	255	279	168	168	199	199
MR08_480	230	230	200	208	229	257	175	231	265	277	188	348	185	245	242	282	235	235	164	180	199	201
MR08_308	194	222	154	250	225	233	187	227	233	273	256	336	115	137	262	266	231	239	138	146	221	233
