Sample.Name	OT201	OT201.1	OT209	OT209.1	OT249	OT249.1	Ot253b	Ot253b.1	Ot215	Ot215.1	Ot311	Ot311.1	Ot409	Ot409.1	Ot211	Ot211.1	Ot208	Ot208.1	Ot212	Ot212.1	Ot515	Ot515.1
MR08_294	218	230	176	254	185	249	171	235	223	233	348	352	137	197	274	282	247	247	142	172	211	227
MR08_294	218	230	176	254	185	249	171	235	223	233	348	352	137	197	274	282	247	247	142	172	211	227
MR08_318	182	218	154	194	241	257	163	175	247	265	188	244	137	197	258	274	191	231	134	156	199	201
MR08_158	190	234	186	250	193	193	163	175	253	273	320	332	191	227	200	234	195	235	142	160	201	205
MR08_057	222	226	196	238	209	229	183	183	229	265	304	388	115	119	242	246	219	255	142	168	201	233
MR08_338	202	202	190	240	177	261	159	227	223	281	188	348	115	178	262	266	223	239	146	168	199	201
MR08_235	186	226	198	236	229	237	183	183	233	261	336	380	227	231	234	242	203	227	146	168	199	201
MR08_164	186	226	250	254	205	277	163	191	229	281	272	328	203	249	238	282	199	211	134	160	201	201
MR08_340	218	230	196	212	209	229	175	183	247	249	336	348	185	193	242	290	247	267	142	142	193	205
MR08_394	198	214	154	254	229	261	183	235	211	249	188	296	191	193	262	290	183	219	138	180	201	233
MR08_418	162	234	232	250	217	233	187	227	233	273	392	394	137	191	262	266	207	207	138	146	199	233
MR08_418	162	234	232	250	217	233	187	227	233	273	392	394	137	191	262	266	207	207	138	146	199	233
MR08_778	230	234	198	208	225	261	175	235	207	281	324	336	115	191	234	258	195	255	160	168	219	233
MR08_378	202	234	196	196	233	261	155	239	243	249	300	352	181	227	242	282	199	203	130	146	201	207
MR08_366	222	230	196	240	229	261	163	171	249	277	296	340	197	235	200	242	219	227	142	164	199	207
MR08_196	186	234	154	232	229	241	199	227	249	265	308	336	191	201	258	290	191	255	138	164	199	233
MR08_453	170	230	240	250	229	277	159	195	211	249	284	402	199	227	242	274	203	235	142	164	201	233
MR08_402	202	226	154	198	237	241	159	239	243	249	248	336	137	241	234	242	199	227	146	168	199	201
MR08_028	198	226	200	254	205	249	163	231	245	249	356	360	181	195	262	262	219	235	160	168	201	201
MR08_785	198	218	176	196	233	237	179	183	253	281	188	332	193	197	270	290	195	199	142	146	201	237
MR08_825	218	234	200	200	237	237	163	163	249	269	248	348	139	181	200	242	219	243	146	164	233	233
MR08_329	222	226	196	250	181	237	187	201	261	269	188	366	197	245	200	262	187	195	164	168	199	219
MR08_371	182	226	196	204	209	237	201	227	243	249	240	280	161	235	200	282	191	199	142	152	201	227
MR08_322	226	230	232	258	185	205	163	179	249	249	340	352	191	197	234	270	199	267	130	164	203	207
MR08_196	186	234	154	232	229	241	199	227	249	265	308	336	191	201	258	290	191	255	138	164	199	233
MR08_740	198	222	198	198	225	249	163	201	239	269	312	320	189	191	266	270	195	235	142	172	201	201
MR08_712	170	178	154	154	221	261	163	227	207	237	312	352	181	215	238	238	195	227	146	152	201	237
MR08_850	182	234	180	254	233	241	175	183	207	249	256	356	203	249	262	282	219	255	142	156	199	201
MR08_012	202	226	196	200	181	217	179	201	269	269	284	410	193	235	258	266	195	195	142	152	193	205
MR08_867	198	198	154	196	217	217	175	187	223	261	280	312	181	185	242	266	195	203	164	168	199	201
MR08_123	202	222	236	244	233	233	159	179	249	273	332	348	187	193	200	246	199	211	152	152	201	221
MR08_770	222	234	154	232	229	289	175	227	243	253	332	336	191	235	242	258	191	255	164	168	199	233
MR08_089	222	230	154	248	205	233	183	201	229	249	348	352	161	233	200	200	203	259	146	152	199	201
MR08_057	222	226	196	238	209	229	183	183	229	265	304	388	115	119	242	246	219	255	142	168	201	233
MR08_105	198	230	228	394	225	277	175	191	253	273	332	376	191	219	258	282	195	227	142	164	199	201
MR08_856	190	222	196	200	181	241	179	201	243	249	280	340	119	235	258	282	219	227	146	152	201	221
MR08_144	170	230	240	240	265	269	175	227	249	249	332	418	193	227	238	278	203	231	146	168	207	237
MR08_089	222	230	154	248	205	233	183	201	229	249	348	352	161	233	200	200	203	259	146	152	199	201
MR08_680	182	218	154	200	173	241	175	231	245	247	336	398	191	217	242	278	207	259	134	164	193	199
MR08_808	186	234	208	258	241	257	155	207	235	269	188	398	193	217	242	274	195	235	168	176	199	221
MR08_735	210	230	176	250	205	229	179	231	227	281	280	308	193	241	246	258	203	263	138	172	201	201
MR08_210	202	226	196	200	213	249	183	201	223	249	280	308	201	249	242	242	187	195	152	168	203	233
MR08_157	202	222	242	242	205	209	163	163	249	249	284	320	119	193	242	282	231	247	138	156	219	233
MR08_851	186	190	200	216	217	241	223	231	249	265	316	336	161	233	242	278	203	235	164	168	193	199
MR08_402	202	226	154	198	237	241	159	239	243	249	248	336	137	241	234	242	199	227	146	168	199	201
MR08_834	198	234	154	258	225	233	159	175	171	245	284	336	119	207	238	242	203	239	160	160	193	201
MR08_855	198	226	180	254	169	225	175	183	219	223	332	398	181	185	242	262	231	231	146	200	201	201
MR08_122	230	234	176	244	205	229	175	235	243	255	328	336	187	193	238	242	203	227	142	142	199	233
MR08_352	186	190	154	250	209	237	171	179	243	249	324	332	219	241	274	274	199	207	138	142	199	221
MR08_064	190	234	176	254	205	229	163	231	207	287	328	356	119	187	262	270	227	267	142	168	201	233
MR08_694	190	194	154	236	197	257	195	231	243	255	316	392	219	221	242	266	199	239	164	176	229	233
MR08_371	182	226	196	204	209	237	201	227	243	249	240	280	161	235	200	282	191	199	142	152	201	227
MR08_102	202	218	154	196	237	241	155	235	207	263	264	312	181	185	238	242	231	267	138	160	199	233
MR08_810	190	198	180	200	185	213	175	235	243	249	320	340	161	185	258	278	227	227	138	164	201	227
MR08_851	186	190	200	216	217	241	223	231	249	265	316	336	161	233	242	278	203	235	164	168	193	199
MR08_735	210	230	176	250	205	229	179	231	227	281	280	308	193	241	246	258	203	263	138	172	201	201
MR08_185	198	218	238	288	181	249	183	191	255	269	320	332	197	231	242	278	243	247	146	152	201	237
MR08_786	202	218	154	392	233	237	141	163	243	247	316	328	197	253	238	290	203	243	134	164	193	233
MR08_832	186	230	200	392	209	289	175	179	243	269	236	328	137	197	238	286	183	207	156	160	201	201
MR08_812	222	230	196	236	229	237	175	187	241	249	332	336	187	231	242	290	183	227	146	152	193	221
MR08_181	190	222	154	200	181	253	159	175	243	249	316	332	193	195	238	262	207	255	146	168	205	233
MR08_851	186	190	200	216	217	241	223	231	249	265	316	336	161	233	242	278	203	235	164	168	193	199
MR08_371	182	226	196	204	209	237	201	227	243	249	240	280	161	235	200	282	191	199	142	152	201	227
MR08_786	202	218	154	392	233	237	141	163	243	247	316	328	197	253	238	290	203	243	134	164	193	233
MR08_210	202	226	196	200	213	249	183	201	223	249	280	308	201	249	242	242	187	195	152	168	203	233
MR08_825	218	234	200	200	237	237	163	163	249	269	248	348	139	181	200	242	219	243	146	164	233	233
MR08_800	190	222	200	212	241	277	187	239	247	261	328	348	137	191	230	270	199	219	142	176	199	199
MR08_042	186	226	200	200	201	237	163	231	247	249	188	392	159	187	282	290	191	247	142	146	201	227
MR08_126	218	234	154	158	205	209	201	201	243	273	188	312	197	227	242	242	227	255	134	142	219	233
MR08_829	198	218	154	154	213	237	175	183	207	265	256	296	193	245	242	242	227	255	142	164	199	201
MR08_741	226	230	154	258	209	253	175	179	243	249	284	312	115	119	262	262	199	203	134	164	199	233
MR08_183	182	222	154	232	233	241	175	179	223	269	184	376	181	191	242	282	199	243	156	160	193	237
MR08_867	198	198	154	196	217	217	175	187	223	261	280	312	181	185	242	266	195	203	164	168	199	201
MR08_020	218	230	200	238	233	237	183	227	223	269	308	332	115	161	200	246	203	243	160	164	201	221
MR08_393	230	238	150	250	177	261	155	183	253	261	280	336	191	243	234	266	199	231	142	142	193	203
MR08_262	178	182	216	254	237	261	163	183	207	277	348	252	193	195	242	258	219	231	138	142	201	207
MR08_366	222	230	196	240	229	261	163	171	249	277	296	340	197	235	200	242	219	227	142	164	199	207
MR08_372	182	198	180	242	209	217	175	231	171	227	316	380	119	219	282	290	247	259	134	160	201	233
MR08_699	186	198	190	232	233	237	159	239	229	265	304	320	155	245	262	266	235	259	142	146	205	221
MR08_167	190	230	154	158	233	257	179	201	243	265	320	336	185	247	238	286	203	231	134	152	201	201
MR08_730	222	230	150	242	233	249	141	201	207	243	184	312	115	249	262	266	231	255	142	164	199	201
MR08_767	222	234	154	262	229	289	175	235	243	253	312	332	191	235	250	290	191	255	138	164	199	233
MR08_730	222	230	150	242	233	249	141	201	207	243	184	312	115	249	262	266	231	255	142	164	199	201
MR08_280	198	230	154	278	237	253	223	235	261	281	332	332	115	181	246	266	199	243	146	146	219	233
MR08_336	190	226	236	244	233	237	163	201	207	211	316	336	195	243	242	274	235	247	142	146	233	237
MR08_061	226	234	198	254	217	273	179	187	207	207	256	348	197	247	234	282	195	255	160	164	199	201
MR08_280	198	230	154	278	237	253	223	235	261	281	332	332	115	181	246	266	199	243	146	146	219	233
MR08_161	226	230	196	198	209	273	179	191	243	249	240	280	227	235	282	282	191	199	142	152	201	227
MR08_318	182	218	154	194	241	257	163	175	247	265	188	244	137	197	258	274	191	231	134	156	199	201
MR08_187	186	230	154	192	225	229	195	227	229	249	188	336	193	201	266	270	203	231	164	164	201	233
MR08_730	222	230	150	242	233	249	141	201	207	243	184	312	115	249	262	266	231	255	142	164	199	201
MR08_158	190	234	186	250	193	193	163	175	253	273	320	332	191	227	200	234	195	235	142	160	201	205
MR08_340	218	230	196	212	209	229	175	183	247	249	336	348	185	193	242	290	247	267	142	142	193	205
MR08_235	186	226	198	236	229	237	183	183	233	261	336	380	227	231	234	242	203	227	146	168	199	201
MR08_057	222	226	196	238	209	229	183	183	229	265	304	388	115	119	242	246	219	255	142	168	201	233
MR08_144	170	230	240	240	265	269	175	227	249	249	332	418	193	227	238	278	203	231	146	168	207	237
MR08_044	222	230	154	248	209	245	159	239	229	239	280	336	193	197	200	242	191	305	138	146	219	237
MR08_145	182	190	204	250	253	261	175	183	219	265	188	356	115	243	262	266	183	215	160	172	229	233
MR08_158	190	234	186	250	193	193	163	175	253	273	320	332	191	227	200	234	195	235	142	160	201	205
MR08_042	186	226	200	200	201	237	163	231	247	249	188	392	159	187	282	290	191	247	142	146	201	227
MR08_704	230	230	154	192	213	261	175	231	269	273	356	418	115	245	266	278	191	203	164	168	201	207
MR08_712	170	178	154	154	221	261	163	227	207	237	312	352	181	215	238	238	195	227	146	152	201	237
MR08_083	190	226	154	198	217	233	179	207	249	261	316	332	193	197	234	254	227	235	160	160	199	219
MR08_789	186	230	196	198	241	249	129	175	247	249	188	284	197	233	266	274	223	243	142	152	199	205
MR08_739	178	190	158	242	217	237	187	207	235	241	276	284	187	199	200	234	243	247	138	146	199	201
MR08_746	182	230	154	216	209	233	159	183	247	249	300	324	161	203	242	258	211	211	152	160	201	221
MR08_110	182	198	154	198	193	281	175	227	245	265	288	336	189	197	220	242	195	199	142	168	199	233
MR08_071	202	230	154	154	181	233	223	227	223	243	276	328	135	193	262	278	247	247	142	152	199	199
MR08_032	202	230	200	294	177	233	163	187	207	265	316	340	187	227	234	270	203	239	138	146	203	221
MR08_350	198	230	154	154	177	257	179	187	253	265	280	312	161	195	242	266	195	195	138	168	199	201
MR08_357	202	234	184	254	213	229	159	183	229	249	188	328	181	193	274	286	195	211	134	146	201	237
MR08_207	202	222	160	192	237	265	207	235	229	255	316	332	115	115	274	290	195	267	152	160	233	233
MR08_123	202	222	236	244	233	233	159	179	249	273	332	348	187	193	200	246	199	211	152	152	201	221
MR08_329	222	226	196	250	181	237	187	201	261	269	188	366	197	245	200	262	187	195	164	168	199	219
MR08_054	194	222	154	274	237	241	227	239	171	269	188	332	227	235	250	266	215	235	138	142	199	201
MR08_684	198	222	200	208	237	277	183	235	261	265	284	336	115	193	238	250	183	203	142	146	201	219
MR08_274	182	202	154	198	241	249	129	175	247	249	188	328	115	178	266	274	191	243	152	168	199	201
MR08_418	162	234	232	250	217	233	187	227	233	273	392	394	137	191	262	266	207	207	138	146	199	233
MR08_707	186	222	154	232	205	249	175	219	249	253	188	248	115	115	274	290	235	243	168	168	203	227
MR08_231	222	230	196	200	217	249	163	227	219	249	272	414	193	235	238	242	207	247	142	142	201	201
MR08_343	178	190	176	254	245	249	163	179	229	287	316	320	161	187	238	270	211	267	134	168	201	233
MR08_057	222	226	196	238	209	229	183	183	229	265	304	388	115	119	242	246	219	255	142	168	201	233
MR08_018	194	202	158	212	205	261	175	179	261	265	284	324	181	187	246	262	227	247	142	168	199	233
MR08_357	202	234	184	254	213	229	159	183	229	249	188	328	181	193	274	286	195	211	134	146	201	237
MR08_627	202	222	186	240	237	277	155	195	223	249	316	332	191	193	242	266	191	239	152	160	199	201
MR08_331	202	234	184	184	177	229	159	183	243	245	244	360	181	193	246	286	231	231	168	168	227	237
MR08_044	222	230	154	248	209	245	159	239	229	239	280	336	193	197	200	242	191	305	138	146	219	237
MR08_281	186	198	154	196	225	249	129	201	229	243	336	352	193	219	270	278	207	211	142	146	199	199
MR08_002	226	230	154	180	229	285	175	187	241	247	316	336	185	195	238	254	235	267	142	146	193	199
MR08_080	198	230	158	232	233	257	163	231	171	249	316	340	219	235	242	242	207	207	138	146	199	199
MR08_055	226	234	186	250	193	229	163	175	249	253	320	332	191	193	200	234	227	235	142	160	205	237
MR08_280	198	230	154	278	237	253	223	235	261	281	332	332	115	181	246	266	199	243	146	146	219	233
MR08_191	194	226	196	262	177	209	163	239	223	269	316	340	187	191	238	286	191	219	164	212	201	201
MR08_700	186	202	196	200	217	281	163	201	243	269	284	410	115	181	250	258	195	247	152	168	193	205
MR08_357	202	234	184	254	213	229	159	183	229	249	188	328	181	193	274	286	195	211	134	146	201	237
MR08_767	222	234	154	262	229	289	175	235	243	253	312	332	191	235	250	290	191	255	138	164	199	233
MR08_129	182	198	212	216	173	229	129	179	243	287	328	402	161	247	254	266	203	203	138	184	201	219
MR08_158	190	234	186	250	193	193	163	175	253	273	320	332	191	227	200	234	195	235	142	160	201	205
MR08_318	182	218	154	194	241	257	163	175	247	265	188	244	137	197	258	274	191	231	134	156	199	201
MR08_330	186	202	198	200	217	281	163	175	243	269	288	410	115	181	250	258	195	195	142	152	193	205
MR08_161	226	230	196	198	209	273	179	191	243	249	240	280	227	235	282	282	191	199	142	152	201	227
MR08_368	186	226	184	200	169	277	201	231	245	281	332	336	191	193	242	274	223	235	146	164	207	227
MR08_338	202	202	190	240	177	261	159	227	223	281	188	348	115	178	262	266	223	239	146	168	199	201
MR08_158	190	234	186	250	193	193	163	175	253	273	320	332	191	227	200	234	195	235	142	160	201	205
MR08_013	226	230	200	250	209	277	175	201	253	257	272	276	115	227	274	282	183	227	142	164	199	221
MR08_083	190	226	154	198	217	233	179	207	249	261	316	332	193	197	234	254	227	235	160	160	199	219
MR08_404	190	210	158	254	233	253	183	207	243	277	316	328	178	181	254	258	207	207	138	152	193	233
MR08_160	186	190	154	250	249	261	171	179	243	249	316	332	115	241	266	274	199	251	138	142	199	227
MR08_336	190	226	236	244	233	237	163	201	207	211	316	336	195	243	242	274	235	247	142	146	233	237
MR08_357	202	234	184	254	213	229	159	183	229	249	188	328	181	193	274	286	195	211	134	146	201	237
MR08_083	190	226	154	198	217	233	179	207	249	261	316	332	193	197	234	254	227	235	160	160	199	219
MR08_378	202	234	196	196	233	261	155	239	243	249	300	352	181	227	242	282	199	203	130	146	201	207
MR08_122	230	234	176	244	205	229	175	235	243	255	328	336	187	193	238	242	203	227	142	142	199	233
MR08_378	202	234	196	196	233	261	155	239	243	249	300	352	181	227	242	282	199	203	130	146	201	207
MR08_418	162	234	232	250	217	233	187	227	233	273	392	394	137	191	262	266	207	207	138	146	199	233
MR08_315	202	222	196	196	217	285	163	175	253	281	320	328	137	197	234	266	199	255	142	164	205	233
MR08_038	170	198	154	190	177	181	175	187	243	249	244	340	159	189	250	262	239	259	146	152	201	203
MR08_144	170	230	240	240	265	269	175	227	249	249	332	418	193	227	238	278	203	231	146	168	207	237
MR08_032	202	230	200	294	177	233	163	187	207	265	316	340	187	227	234	270	203	239	138	146	203	221
MR08_635	186	218	154	198	229	229	201	231	253	285	312	332	137	243	270	278	195	255	138	146	219	219
MR08_018	194	202	158	212	205	261	175	179	261	265	284	324	181	187	246	262	227	247	142	168	199	233
MR08_006	182	214	198	258	209	237	179	227	207	243	340	348	161	235	282	282	199	199	142	152	199	201
MR08_378	202	234	196	196	233	261	155	239	243	249	300	352	181	227	242	282	199	203	130	146	201	207
MR08_336	190	226	236	244	233	237	163	201	207	211	316	336	195	243	242	274	235	247	142	146	233	237
MR08_418	162	234	232	250	217	233	187	227	233	273	392	394	137	191	262	266	207	207	138	146	199	233
MR08_274	182	202	154	198	241	249	129	175	247	249	188	328	115	178	266	274	191	243	152	168	199	201
MR08_078	186	222	192	196	213	261	183	231	229	257	308	348	193	237	238	274	199	199	146	204	199	221
MR08_812	222	230	196	236	229	237	175	187	241	249	332	336	187	231	242	290	183	227	146	152	193	221
MR08_191	194	226	196	262	177	209	163	239	223	269	316	340	187	191	238	286	191	219	164	212	201	201
MR08_722	222	230	186	250	209	229	163	183	223	277	248	380	115	191	258	262	227	255	160	204	201	237
MR08_274	182	202	154	198	241	249	129	175	247	249	188	328	115	178	266	274	191	243	152	168	199	201
MR08_697	210	214	192	212	237	261	175	187	237	265	284	348	189	193	234	282	227	235	142	180	201	227
MR08_268	190	198	150	196	249	269	175	231	249	253	336	348	185	187	266	290	195	199	134	156	199	221
MR08_280	198	230	154	278	237	253	223	235	261	281	332	332	115	181	246	266	199	243	146	146	219	233
MR08_357	202	234	184	254	213	229	159	183	229	249	188	328	181	193	274	286	195	211	134	146	201	237
MR08_453	170	230	240	250	229	277	159	195	211	249	284	402	199	227	242	274	203	235	142	164	201	233
MR08_402	202	226	154	198	237	241	159	239	243	249	248	336	137	241	234	242	199	227	146	168	199	201
MR08_697	210	214	192	212	237	261	175	187	237	265	284	348	189	193	234	282	227	235	142	180	201	227
MR08_379	218	222	198	258	185	237	227	235	253	265	348	394	197	237	274	282	247	259	142	172	199	211
MR08_869	186	234	154	262	229	241	175	235	223	243	188	394	181	235	258	290	191	255	164	168	199	199
MR08_704	230	230	154	192	213	261	175	231	269	273	356	418	115	245	266	278	191	203	164	168	201	207
MR08_700	186	202	196	200	217	281	163	201	243	269	284	410	115	181	250	258	195	247	152	168	193	205
MR08_704	230	230	154	192	213	261	175	231	269	273	356	418	115	245	266	278	191	203	164	168	201	207
MR08_726	186	190	154	254	241	261	175	223	241	265	276	312	181	181	242	258	247	247	146	204	233	233
MR08_274	182	202	154	198	241	249	129	175	247	249	188	328	115	178	266	274	191	243	152	168	199	201
MR08_268	190	198	150	196	249	269	175	231	249	253	336	348	185	187	266	290	195	199	134	156	199	221
MR08_688	222	226	154	242	245	257	227	227	243	259	272	332	191	201	270	286	191	195	138	152	201	201
MR08_080	198	230	158	232	233	257	163	231	171	249	316	340	219	235	242	242	207	207	138	146	199	199
MR08_322	226	230	232	258	185	205	163	179	249	249	340	352	191	197	234	270	199	267	130	164	203	207
MR08_013	226	230	200	250	209	277	175	201	253	257	272	276	115	227	274	282	183	227	142	164	199	221
MR08_129	182	198	212	216	173	229	129	179	243	287	328	402	161	247	254	266	203	203	138	184	201	219
MR08_708	222	230	154	176	185	229	171	187	253	281	308	414	137	161	262	290	195	199	134	164	199	227
MR08_790	202	230	154	212	229	237	231	235	253	273	184	188	161	237	270	290	199	203	164	164	201	219
MR08_722	222	230	186	250	209	229	163	183	223	277	248	380	115	191	258	262	227	255	160	204	201	237
MR08_721	198	222	154	154	229	241	175	231	223	229	236	328	193	235	200	278	191	247	134	142	201	227
MR08_042	186	226	200	200	201	237	163	231	247	249	188	392	159	187	282	290	191	247	142	146	201	227
MR08_366	222	230	196	240	229	261	163	171	249	277	296	340	197	235	200	242	219	227	142	164	199	207
MR08_685	178	202	154	288	213	249	155	171	255	265	264	280	161	185	270	278	203	243	142	156	201	207
MR08_078	186	222	192	196	213	261	183	231	229	257	308	348	193	237	238	274	199	199	146	204	199	221
MR08_315	202	222	196	196	217	285	163	175	253	281	320	328	137	197	234	266	199	255	142	164	205	233
MR08_453	170	230	240	250	229	277	159	195	211	249	284	402	199	227	242	274	203	235	142	164	201	233
MR08_129	182	198	212	216	173	229	129	179	243	287	328	402	161	247	254	266	203	203	138	184	201	219
MR08_379	218	222	198	258	185	237	227	235	253	265	348	394	197	237	274	282	247	259	142	172	199	211
MR08_404	190	210	158	254	233	253	183	207	243	277	316	328	178	181	254	258	207	207	138	152	193	233
MR08_078	186	222	192	196	213	261	183	231	229	257	308	348	193	237	238	274	199	199	146	204	199	221
MR08_083	190	226	154	198	217	233	179	207	249	261	316	332	193	197	234	254	227	235	160	160	199	219
MR08_368	186	226	184	200	169	277	201	231	245	281	332	336	191	193	242	274	223	235	146	164	207	227
MR08_688	222	226	154	242	245	257	227	227	243	259	272	332	191	201	270	286	191	195	138	152	201	201
MR08_121	162	222	196	240	209	277	129	231	239	269	264	320	161	265	242	262	195	259	152	168	201	205
MR08_402	202	226	154	198	237	241	159	239	243	249	248	336	137	241	234	242	199	227	146	168	199	201
MR08_080	198	230	158	232	233	257	163	231	171	249	316	340	219	235	242	242	207	207	138	146	199	199
MR08_742	198	198	200	236	225	233	155	231	241	253	280	312	115	178	246	266	203	203	138	152	201	233
MR08_183	182	222	154	232	233	241	175	179	223	269	184	376	181	191	242	282	199	243	156	160	193	237
MR08_268	190	198	150	196	249	269	175	231	249	253	336	348	185	187	266	290	195	199	134	156	199	221
MR08_268	190	198	150	196	249	269	175	231	249	253	336	348	185	187	266	290	195	199	134	156	199	221
MR08_200	178	190	198	258	233	265	159	179	171	223	352	410	115	193	234	262	187	247	146	168	203	207
MR08_336	190	226	236	244	233	237	163	201	207	211	316	336	195	243	242	274	235	247	142	146	233	237
MR08_164	186	226	250	254	205	277	163	191	229	281	272	328	203	249	238	282	199	211	134	160	201	201
MR08_685	178	202	154	288	213	249	155	171	255	265	264	280	161	185	270	278	203	243	142	156	201	207
MR08_277	182	198	176	186	233	241	159	231	207	241	332	356	115	181	242	262	195	207	138	168	199	219
MR08_865	198	202	154	250	237	249	227	231	211	235	348	356	189	191	242	242	243	259	160	164	199	233
MR08_765	222	222	154	262	233	289	199	227	243	249	332	336	191	235	250	290	191	199	164	168	199	233
MR08_020	218	230	200	238	233	237	183	227	223	269	308	332	115	161	200	246	203	243	160	164	201	221
MR08_672	198	336	154	278	181	237	231	235	261	281	316	332	115	199	246	266	195	251	146	152	201	233
MR08_785	198	218	176	196	233	237	179	183	253	281	188	332	193	197	270	290	195	199	142	146	201	237
MR08_864	190	222	232	250	229	233	179	231	261	281	280	308	221	241	246	258	231	243	142	164	201	227
MR08_743	170	230	154	254	257	261	183	201	243	265	236	256	161	235	242	266	227	247	146	164	207	227
MR08_851	186	190	200	216	217	241	223	231	249	265	316	336	161	233	242	278	203	235	164	168	193	199
MR08_020	218	230	200	238	233	237	183	227	223	269	308	332	115	161	200	246	203	243	160	164	201	221
MR08_844	198	230	154	200	177	233	163	175	223	253	312	324	161	219	242	262	203	247	168	204	205	233
MR08_024	222	222	196	258	237	237	163	201	207	269	336	336	161	229	238	242	199	207	146	156	201	201
MR08_203	214	222	238	244	233	281	175	179	249	265	236	332	187	193	200	246	191	255	152	212	201	221
MR08_699	186	198	190	232	233	237	159	239	229	265	304	320	155	245	262	266	235	259	142	146	205	221
MR08_684	198	222	200	208	237	277	183	235	261	265	284	336	115	193	238	250	183	203	142	146	201	219
MR08_684	198	222	200	208	237	277	183	235	261	265	284	336	115	193	238	250	183	203	142	146	201	219
MR08_370	218	230	248	258	181	241	141	231	223	269	316	398	115	137	258	262	231	263	134	152	219	233
MR08_161	226	230	196	198	209	273	179	191	243	249	240	280	227	235	282	282	191	199	142	152	201	227
MR08_380	194	198	154	200	209	257	155	231	207	243	272	312	115	219	220	266	187	203	152	160	233	233
MR08_121	162	222	196	240	209	277	129	231	239	269	264	320	161	265	242	262	195	259	152	168	201	205
MR08_187	186	230	154	192	225	229	195	227	229	249	188	336	193	201	266	270	203	231	164	164	201	233
MR08_395	186	194	198	200	217	281	175	179	243	269	284	410	115	235	250	258	199	247	152	168	193	205
MR08_685	178	202	154	288	213	249	155	171	255	265	264	280	161	185	270	278	203	243	142	156	201	207
MR08_080	198	230	158	232	233	257	163	231	171	249	316	340	219	235	242	242	207	207	138	146	199	199
MR08_355	222	226	198	242	217	257	179	187	207	207	336	348	247	249	262	282	195	255	138	212	201	227
MR08_277	182	198	176	186	233	241	159	231	207	241	332	356	115	181	242	262	195	207	138	168	199	219
MR08_277	182	198	176	186	233	241	159	231	207	241	332	356	115	181	242	262	195	207	138	168	199	219
MR08_380	194	198	154	200	209	257	155	231	207	243	272	312	115	219	220	266	187	203	152	160	233	233
MR08_688	222	226	154	242	245	257	227	227	243	259	272	332	191	201	270	286	191	195	138	152	201	201
MR08_315	202	222	196	196	217	285	163	175	253	281	320	328	137	197	234	266	199	255	142	164	205	233
MR08_110	182	198	154	198	193	281	175	227	245	265	288	336	189	197	220	242	195	199	142	168	199	233
MR08_726	186	190	154	254	241	261	175	223	241	265	276	312	181	181	242	258	247	247	146	204	233	233
MR08_311	190	230	158	254	241	265	175	223	269	285	276	336	161	193	242	274	203	247	134	204	233	233
MR08_152	182	226	200	258	201	225	175	183	247	247	188	392	187	197	242	282	191	231	142	146	201	227
MR08_380	194	198	154	200	209	257	155	231	207	243	272	312	115	219	220	266	187	203	152	160	233	233
MR08_141	190	230	190	250	197	253	183	227	219	249	316	356	193	243	250	266	215	239	142	164	205	229
MR08_057	222	226	196	238	209	229	183	183	229	265	304	388	115	119	242	246	219	255	142	168	201	233
MR08_355	222	226	198	242	217	257	179	187	207	207	336	348	247	249	262	282	195	255	138	212	201	227
MR08_355	222	226	198	242	217	257	179	187	207	207	336	348	247	249	262	282	195	255	138	212	201	227
MR08_722	222	230	186	250	209	229	163	183	223	277	248	380	115	191	258	262	227	255	160	204	201	237
MR08_318	182	218	154	194	241	257	163	175	247	265	188	244	137	197	258	274	191	231	134	156	199	201
MR08_012	202	226	196	200	181	217	179	201	269	269	284	410	193	235	258	266	195	195	142	152	193	205
MR08_739	178	190	158	242	217	237	187	207	235	241	276	284	187	199	200	234	243	247	138	146	199	201
MR08_054	194	222	154	274	237	241	227	239	171	269	188	332	227	235	250	266	215	235	138	142	199	201
MR08_310	190	202	200	254	249	277	175	187	243	281	272	276	115	137	238	282	183	199	164	164	199	227
MR08_191	194	226	196	262	177	209	163	239	223	269	316	340	187	191	238	286	191	219	164	212	201	201
MR08_262	178	182	216	254	237	261	163	183	207	277	348	252	193	195	242	258	219	231	138	142	201	207
MR08_145	182	190	204	250	253	261	175	183	219	265	188	356	115	243	262	266	183	215	160	172	229	233
MR08_293	190	234	154	186	205	249	179	227	243	265	328	348	161	185	250	282	227	255	142	160	201	205
MR08_071	202	230	154	154	181	233	223	227	223	243	276	328	135	193	262	278	247	247	142	152	199	199
MR08_712	170	178	154	154	221	261	163	227	207	237	312	352	181	215	238	238	195	227	146	152	201	237
MR08_293	190	234	154	186	205	249	179	227	243	265	328	348	161	185	250	282	227	255	142	160	201	205
MR08_235	186	226	198	236	229	237	183	183	233	261	336	380	227	231	234	242	203	227	146	168	199	201
MR08_735	210	230	176	250	205	229	179	231	227	281	280	308	193	241	246	258	203	263	138	172	201	201
MR08_740	198	222	198	198	225	249	163	201	239	269	312	320	189	191	266	270	195	235	142	172	201	201
MR08_105	198	230	228	394	225	277	175	191	253	273	332	376	191	219	258	282	195	227	142	164	199	201
MR08_185	198	218	238	288	181	249	183	191	255	269	320	332	197	231	242	278	243	247	146	152	201	237
MR08_281	186	198	154	196	225	249	129	201	229	243	336	352	193	219	270	278	207	211	142	146	199	199
MR08_293	190	234	154	186	205	249	179	227	243	265	328	348	161	185	250	282	227	255	142	160	201	205
MR08_708	222	230	154	176	185	229	171	187	253	281	308	414	137	161	262	290	195	199	134	164	199	227
MR08_262	178	182	216	254	237	261	163	183	207	277	348	252	193	195	242	258	219	231	138	142	201	207
MR08_281	186	198	154	196	225	249	129	201	229	243	336	352	193	219	270	278	207	211	142	146	199	199
MR08_684	198	222	200	208	237	277	183	235	261	265	284	336	115	193	238	250	183	203	142	146	201	219
MR08_013	226	230	200	250	209	277	175	201	253	257	272	276	115	227	274	282	183	227	142	164	199	221
MR08_342	190	226	154	258	209	253	175	179	243	249	276	366	115	185	262	274	199	203	168	176	227	233
MR08_700	186	202	196	200	217	281	163	201	243	269	284	410	115	181	250	258	195	247	152	168	193	205
MR08_185	198	218	238	288	181	249	183	191	255	269	320	332	197	231	242	278	243	247	146	152	201	237
MR08_812	222	230	196	236	229	237	175	187	241	249	332	336	187	231	242	290	183	227	146	152	193	221
MR08_144	170	230	240	240	265	269	175	227	249	249	332	418	193	227	238	278	203	231	146	168	207	237
MR08_028	198	226	200	254	205	249	163	231	245	249	356	360	181	195	262	262	219	235	160	168	201	201
MR08_684	198	222	200	208	237	277	183	235	261	265	284	336	115	193	238	250	183	203	142	146	201	219
MR08_366	222	230	196	240	229	261	163	171	249	277	296	340	197	235	200	242	219	227	142	164	199	207
MR08_200	178	190	198	258	233	265	159	179	171	223	352	410	115	193	234	262	187	247	146	168	203	207
MR08_042	186	226	200	200	201	237	163	231	247	249	188	392	159	187	282	290	191	247	142	146	201	227
MR08_770	222	234	154	232	229	289	175	227	243	253	332	336	191	235	242	258	191	255	164	168	199	233
MR08_802	202	218	154	388	229	233	141	163	243	247	316	368	181	187	238	270	183	243	134	160	193	233
MR08_071	202	230	154	154	181	233	223	227	223	243	276	328	135	193	262	278	247	247	142	152	199	199
MR08_028	198	226	200	254	205	249	163	231	245	249	356	360	181	195	262	262	219	235	160	168	201	201
MR08_343	178	190	176	254	245	249	163	179	229	287	316	320	161	187	238	270	211	267	134	168	201	233
MR08_002	226	230	154	180	229	285	175	187	241	247	316	336	185	195	238	254	235	267	142	146	193	199
MR08_358	182	226	204	288	265	297	163	235	219	247	284	402	185	233	270	270	195	235	142	152	201	233
MR08_301	170	174	154	250	181	225	163	187	243	247	328	332	191	203	242	286	195	239	138	152	199	237
MR08_844	198	230	154	200	177	233	163	175	223	253	312	324	161	219	242	262	203	247	168	204	205	233
MR08_767	222	234	154	262	229	289	175	235	243	253	312	332	191	235	250	290	191	255	138	164	199	233
MR08_343	178	190	176	254	245	249	163	179	229	287	316	320	161	187	238	270	211	267	134	168	201	233
MR08_064	190	234	176	254	205	229	163	231	207	287	328	356	119	187	262	270	227	267	142	168	201	233
MR08_825	218	234	200	200	237	237	163	163	249	269	248	348	139	181	200	242	219	243	146	164	233	233
MR08_342	190	226	154	258	209	253	175	179	243	249	276	366	115	185	262	274	199	203	168	176	227	233
MR08_152	182	226	200	258	201	225	175	183	247	247	188	392	187	197	242	282	191	231	142	146	201	227
MR08_724	214	222	198	200	177	237	175	179	243	247	324	398	193	233	200	238	199	227	146	152	203	237
MR08_733	202	234	258	288	225	241	175	235	245	261	312	340	197	199	270	270	199	207	138	138	205	237
MR08_672	198	336	154	278	181	237	231	235	261	281	316	332	115	199	246	266	195	251	146	152	201	233
MR08_773	162	194	154	192	217	225	183	187	233	269	256	336	137	191	262	266	231	231	138	168	201	221
MR08_310	190	202	200	254	249	277	175	187	243	281	272	276	115	137	238	282	183	199	164	164	199	227
MR08_342	190	226	154	258	209	253	175	179	243	249	276	366	115	185	262	274	199	203	168	176	227	233
MR08_029	222	230	154	208	249	261	231	235	247	261	336	336	187	201	220	242	203	247	152	168	199	233
MR08_712	170	178	154	154	221	261	163	227	207	237	312	352	181	215	238	238	195	227	146	152	201	237
MR08_210	202	226	196	200	213	249	183	201	223	249	280	308	201	249	242	242	187	195	152	168	203	233
MR08_370	218	230	248	258	181	241	141	231	223	269	316	398	115	137	258	262	231	263	134	152	219	233
MR08_721	198	222	154	154	229	241	175	231	223	229	236	328	193	235	200	278	191	247	134	142	201	227
MR08_024	222	222	196	258	237	237	163	201	207	269	336	336	161	229	238	242	199	207	146	156	201	201
MR08_394	198	214	154	254	229	261	183	235	211	249	188	296	191	193	262	290	183	219	138	180	201	233
MR08_856	190	222	196	200	181	241	179	201	243	249	280	340	119	235	258	282	219	227	146	152	201	221
MR08_210	202	226	196	200	213	249	183	201	223	249	280	308	201	249	242	242	187	195	152	168	203	233
MR08_721	198	222	154	154	229	241	175	231	223	229	236	328	193	235	200	278	191	247	134	142	201	227
MR08_311	190	230	158	254	241	265	175	223	269	285	276	336	161	193	242	274	203	247	134	204	233	233
MR08_779	170	234	154	196	229	249	175	175	229	241	324	352	115	178	266	282	195	203	152	184	199	201
MR08_202	222	222	154	192	237	257	159	235	207	229	328	406	185	189	246	266	195	247	138	152	233	233
MR08_672	198	336	154	278	181	237	231	235	261	281	316	332	115	199	246	266	195	251	146	152	201	233
MR08_802	202	218	154	388	229	233	141	163	243	247	316	368	181	187	238	270	183	243	134	160	193	233
MR08_185	198	218	238	288	181	249	183	191	255	269	320	332	197	231	242	278	243	247	146	152	201	237
MR08_181	190	222	154	200	181	253	159	175	243	249	316	332	193	195	238	262	207	255	146	168	205	233
MR08_311	190	230	158	254	241	265	175	223	269	285	276	336	161	193	242	274	203	247	134	204	233	233
MR08_719	222	230	204	242	229	233	163	227	207	243	184	312	235	249	234	262	231	255	142	152	201	237
MR08_719	222	230	204	242	229	233	163	227	207	243	184	312	235	249	234	262	231	255	142	152	201	237
MR08_815	202	222	242	260	261	265	223	231	243	247	252	336	137	219	242	262	195	203	152	168	201	227
MR08_779	170	234	154	196	229	249	175	175	229	241	324	352	115	178	266	282	195	203	152	184	199	201
MR08_057	222	226	196	238	209	229	183	183	229	265	304	388	115	119	242	246	219	255	142	168	201	233
MR08_064	190	234	176	254	205	229	163	231	207	287	328	356	119	187	262	270	227	267	142	168	201	233
MR08_815	202	222	242	260	261	265	223	231	243	247	252	336	137	219	242	262	195	203	152	168	201	227
MR08_398	190	230	200	208	229	257	129	175	265	277	188	348	181	193	246	282	199	235	146	156	199	199
MR08_719	222	230	204	242	229	233	163	227	207	243	184	312	235	249	234	262	231	255	142	152	201	237
MR08_816	186	222	154	262	229	241	199	227	249	265	312	332	181	235	242	258	199	247	164	168	193	233
MR08_311	190	230	158	254	241	265	175	223	269	285	276	336	161	193	242	274	203	247	134	204	233	233
MR08_834	198	234	154	258	225	233	159	175	171	245	284	336	119	207	238	242	203	239	160	160	193	201
MR08_364	170	190	236	254	229	249	171	175	235	249	236	324	178	178	234	266	199	239	152	164	221	237
MR08_762	186	230	154	258	213	237	155	183	207	269	188	324	193	217	242	274	195	219	134	156	201	233
MR08_281	186	198	154	196	225	249	129	201	229	243	336	352	193	219	270	278	207	211	142	146	199	199
MR08_372	182	198	180	242	209	217	175	231	171	227	316	380	119	219	282	290	247	259	134	160	201	233
MR08_281	186	198	154	196	225	249	129	201	229	243	336	352	193	219	270	278	207	211	142	146	199	199
MR08_719	222	230	204	242	229	233	163	227	207	243	184	312	235	249	234	262	231	255	142	152	201	237
MR08_340	218	230	196	212	209	229	175	183	247	249	336	348	185	193	242	290	247	267	142	142	193	205
MR08_797	222	230	242	262	237	265	163	183	249	253	336	340	161	161	242	274	199	235	142	164	201	233
MR08_812	222	230	196	236	229	237	175	187	241	249	332	336	187	231	242	290	183	227	146	152	193	221
MR08_786	202	218	154	392	233	237	141	163	243	247	316	328	197	253	238	290	203	243	134	164	193	233
MR08_207	202	222	160	192	237	265	207	235	229	255	316	332	115	115	274	290	195	267	152	160	233	233
MR08_340	218	230	196	212	209	229	175	183	247	249	336	348	185	193	242	290	247	267	142	142	193	205
MR08_110	182	198	154	198	193	281	175	227	245	265	288	336	189	197	220	242	195	199	142	168	199	233
MR08_393	230	238	150	250	177	261	155	183	253	261	280	336	191	243	234	266	199	231	142	142	193	203
MR08_708	222	230	154	176	185	229	171	187	253	281	308	414	137	161	262	290	195	199	134	164	199	227
MR08_370	218	230	248	258	181	241	141	231	223	269	316	398	115	137	258	262	231	263	134	152	219	233
MR08_202	222	222	154	192	237	257	159	235	207	229	328	406	185	189	246	266	195	247	138	152	233	233
MR08_394	198	214	154	254	229	261	183	235	211	249	188	296	191	193	262	290	183	219	138	180	201	233
MR08_830	186	226	158	198	257	269	163	163	227	253	336	340	187	197	242	242	231	255	142	142	199	201
MR08_105	198	230	228	394	225	277	175	191	253	273	332	376	191	219	258	282	195	227	142	164	199	201
MR08_803	198	218	158	180	229	233	141	163	243	247	328	368	187	253	238	290	203	219	160	164	193	233
MR08_719	222	230	204	242	229	233	163	227	207	243	184	312	235	249	234	262	231	255	142	152	201	237
MR08_672	198	336	154	278	181	237	231	235	261	281	316	332	115	199	246	266	195	251	146	152	201	233
MR08_786	202	218	154	392	233	237	141	163	243	247	316	328	197	253	238	290	203	243	134	164	193	233
MR08_200	178	190	198	258	233	265	159	179	171	223	352	410	115	193	234	262	187	247	146	168	203	207
MR08_719	222	230	204	242	229	233	163	227	207	243	184	312	235	249	234	262	231	255	142	152	201	237
MR08_364	170	190	236	254	229	249	171	175	235	249	236	324	178	178	234	266	199	239	152	164	221	237
MR08_856	190	222	196	200	181	241	179	201	243	249	280	340	119	235	258	282	219	227	146	152	201	221
MR08_364	170	190	236	254	229	249	171	175	235	249	236	324	178	178	234	266	199	239	152	164	221	237
MR08_202	222	222	154	192	237	257	159	235	207	229	328	406	185	189	246	266	195	247	138	152	233	233
MR08_830	186	226	158	198	257	269	163	163	227	253	336	340	187	197	242	242	231	255	142	142	199	201
MR08_770	222	234	154	232	229	289	175	227	243	253	332	336	191	235	242	258	191	255	164	168	199	233
MR08_364	170	190	236	254	229	249	171	175	235	249	236	324	178	178	234	266	199	239	152	164	221	237
MR08_311	190	230	158	254	241	265	175	223	269	285	276	336	161	193	242	274	203	247	134	204	233	233
MR08_202	222	222	154	192	237	257	159	235	207	229	328	406	185	189	246	266	195	247	138	152	233	233
MR08_680	182	218	154	200	173	241	175	231	245	247	336	398	191	217	242	278	207	259	134	164	193	199
MR08_029	222	230	154	208	249	261	231	235	247	261	336	336	187	201	220	242	203	247	152	168	199	233
MR08_352	186	190	154	250	209	237	171	179	243	249	324	332	219	241	274	274	199	207	138	142	199	221
MR08_200	178	190	198	258	233	265	159	179	171	223	352	410	115	193	234	262	187	247	146	168	203	207
MR08_080	198	230	158	232	233	257	163	231	171	249	316	340	219	235	242	242	207	207	138	146	199	199
MR08_733	202	234	258	288	225	241	175	235	245	261	312	340	197	199	270	270	199	207	138	138	205	237
MR08_262	178	182	216	254	237	261	163	183	207	277	348	252	193	195	242	258	219	231	138	142	201	207
MR08_815	202	222	242	260	261	265	223	231	243	247	252	336	137	219	242	262	195	203	152	168	201	227
MR08_830	186	226	158	198	257	269	163	163	227	253	336	340	187	197	242	242	231	255	142	142	199	201
MR08_350	198	230	154	154	177	257	179	187	253	265	280	312	161	195	242	266	195	195	138	168	199	201
MR08_676	194	230	236	254	209	261	171	179	223	249	316	376	137	185	242	290	207	219	142	180	199	203
MR08_372	182	198	180	242	209	217	175	231	171	227	316	380	119	219	282	290	247	259	134	160	201	233
MR08_272	190	202	200	242	205	281	163	175	247	265	332	336	119	161	262	266	211	255	142	164	201	205
MR08_676	194	230	236	254	209	261	171	179	223	249	316	376	137	185	242	290	207	219	142	180	199	203
MR08_735	210	230	176	250	205	229	179	231	227	281	280	308	193	241	246	258	203	263	138	172	201	201
MR08_676	194	230	236	254	209	261	171	179	223	249	316	376	137	185	242	290	207	219	142	180	199	203
MR08_850	182	234	180	254	233	241	175	183	207	249	256	356	203	249	262	282	219	255	142	156	199	201
MR08_372	182	198	180	242	209	217	175	231	171	227	316	380	119	219	282	290	247	259	134	160	201	233
MR08_808	186	234	208	258	241	257	155	207	235	269	188	398	193	217	242	274	195	235	168	176	199	221
MR08_012	202	226	196	200	181	217	179	201	269	269	284	410	193	235	258	266	195	195	142	152	193	205
MR08_851	186	190	200	216	217	241	223	231	249	265	316	336	161	233	242	278	203	235	164	168	193	199
MR08_676	194	230	236	254	209	261	171	179	223	249	316	376	137	185	242	290	207	219	142	180	199	203
MR08_196	186	234	154	232	229	241	199	227	249	265	308	336	191	201	258	290	191	255	138	164	199	233
MR08_856	190	222	196	200	181	241	179	201	243	249	280	340	119	235	258	282	219	227	146	152	201	221
MR08_126	218	234	154	158	205	209	201	201	243	273	188	312	197	227	242	242	227	255	134	142	219	233
MR08_719	222	230	204	242	229	233	163	227	207	243	184	312	235	249	234	262	231	255	142	152	201	237
MR08_864	190	222	232	250	229	233	179	231	261	281	280	308	221	241	246	258	231	243	142	164	201	227
MR08_802	202	218	154	388	229	233	141	163	243	247	316	368	181	187	238	270	183	243	134	160	193	233
MR08_867	198	198	154	196	217	217	175	187	223	261	280	312	181	185	242	266	195	203	164	168	199	201
MR08_870	230	234	158	188	209	245	201	227	219	223	348	376	191	193	224	270	195	235	146	212	201	201
MR08_126	218	234	154	158	205	209	201	201	243	273	188	312	197	227	242	242	227	255	134	142	219	233
MR08_870	230	234	158	188	209	245	201	227	219	223	348	376	191	193	224	270	195	235	146	212	201	201
MR08_810	190	198	180	200	185	213	175	235	243	249	320	340	161	185	258	278	227	227	138	164	201	227
MR08_767	222	234	154	262	229	289	175	235	243	253	312	332	191	235	250	290	191	255	138	164	199	233
MR08_775	210	222	154	278	241	257	227	231	223	265	316	324	161	181	262	278	199	259	156	168	199	201
MR08_865	198	202	154	250	237	249	227	231	211	235	348	356	189	191	242	242	243	259	160	164	199	233
MR08_822	198	222	192	216	233	241	175	227	269	287	312	398	191	237	238	274	207	207	160	164	221	237
MR08_126	218	234	154	158	205	209	201	201	243	273	188	312	197	227	242	242	227	255	134	142	219	233
MR08_680	182	218	154	200	173	241	175	231	245	247	336	398	191	217	242	278	207	259	134	164	193	199
MR08_865	198	202	154	250	237	249	227	231	211	235	348	356	189	191	242	242	243	259	160	164	199	233
MR08_773	162	194	154	192	217	225	183	187	233	269	256	336	137	191	262	266	231	231	138	168	201	221
MR08_822	198	222	192	216	233	241	175	227	269	287	312	398	191	237	238	274	207	207	160	164	221	237
MR08_083	190	226	154	198	217	233	179	207	249	261	316	332	193	197	234	254	227	235	160	160	199	219
MR08_196	186	234	154	232	229	241	199	227	249	265	308	336	191	201	258	290	191	255	138	164	199	233
MR08_042	186	226	200	200	201	237	163	231	247	249	188	392	159	187	282	290	191	247	142	146	201	227
MR08_785	198	218	176	196	233	237	179	183	253	281	188	332	193	197	270	290	195	199	142	146	201	237
MR08_012	202	226	196	200	181	217	179	201	269	269	284	410	193	235	258	266	195	195	142	152	193	205
MR08_739	178	190	158	242	217	237	187	207	235	241	276	284	187	199	200	234	243	247	138	146	199	201
MR08_110	182	198	154	198	193	281	175	227	245	265	288	336	189	197	220	242	195	199	142	168	199	233
MR08_185	198	218	238	288	181	249	183	191	255	269	320	332	197	231	242	278	243	247	146	152	201	237
MR08_084	190	226	196	236	169	277	201	201	261	269	248	316	195	243	242	274	235	247	152	164	233	237
MR08_202	222	222	154	192	237	257	159	235	207	229	328	406	185	189	246	266	195	247	138	152	233	233
MR08_126	218	234	154	158	205	209	201	201	243	273	188	312	197	227	242	242	227	255	134	142	219	233
MR08_832	186	230	200	392	209	289	175	179	243	269	236	328	137	197	238	286	183	207	156	160	201	201
MR08_855	198	226	180	254	169	225	175	183	219	223	332	398	181	185	242	262	231	231	146	200	201	201
MR08_105	198	230	228	394	225	277	175	191	253	273	332	376	191	219	258	282	195	227	142	164	199	201
MR08_157	202	222	242	242	205	209	163	163	249	249	284	320	119	193	242	282	231	247	138	156	219	233
MR08_374	214	222	150	216	181	213	163	175	253	281	188	332	197	245	258	266	207	235	138	146	199	233
MR08_684	198	222	200	208	237	277	183	235	261	265	284	336	115	193	238	250	183	203	142	146	201	219
MR08_719	222	230	204	242	229	233	163	227	207	243	184	312	235	249	234	262	231	255	142	152	201	237
MR08_012	202	226	196	200	181	217	179	201	269	269	284	410	193	235	258	266	195	195	142	152	193	205
MR08_822	198	222	192	216	233	241	175	227	269	287	312	398	191	237	238	274	207	207	160	164	221	237
MR08_844	198	230	154	200	177	233	163	175	223	253	312	324	161	219	242	262	203	247	168	204	205	233
MR08_786	202	218	154	392	233	237	141	163	243	247	316	328	197	253	238	290	203	243	134	164	193	233
MR08_741	226	230	154	258	209	253	175	179	243	249	284	312	115	119	262	262	199	203	134	164	199	233
MR08_141	190	230	190	250	197	253	183	227	219	249	316	356	193	243	250	266	215	239	142	164	205	229
MR08_680	182	218	154	200	173	241	175	231	245	247	336	398	191	217	242	278	207	259	134	164	193	199
MR08_322	226	230	232	258	185	205	163	179	249	249	340	352	191	197	234	270	199	267	130	164	203	207
MR08_167	190	230	154	158	233	257	179	201	243	265	320	336	185	247	238	286	203	231	134	152	201	201
MR08_311	190	230	158	254	241	265	175	223	269	285	276	336	161	193	242	274	203	247	134	204	233	233
MR08_196	186	234	154	232	229	241	199	227	249	265	308	336	191	201	258	290	191	255	138	164	199	233
MR08_721	198	222	154	154	229	241	175	231	223	229	236	328	193	235	200	278	191	247	134	142	201	227
MR08_235	186	226	198	236	229	237	183	183	233	261	336	380	227	231	234	242	203	227	146	168	199	201
MR08_733	202	234	258	288	225	241	175	235	245	261	312	340	197	199	270	270	199	207	138	138	205	237
MR08_167	190	230	154	158	233	257	179	201	243	265	320	336	185	247	238	286	203	231	134	152	201	201
MR08_797	222	230	242	262	237	265	163	183	249	253	336	340	161	161	242	274	199	235	142	164	201	233
MR08_078	186	222	192	196	213	261	183	231	229	257	308	348	193	237	238	274	199	199	146	204	199	221
MR08_694	190	194	154	236	197	257	195	231	243	255	316	392	219	221	242	266	199	239	164	176	229	233
MR08_851	186	190	200	216	217	241	223	231	249	265	316	336	161	233	242	278	203	235	164	168	193	199
MR08_144	170	230	240	240	265	269	175	227	249	249	332	418	193	227	238	278	203	231	146	168	207	237
MR08_741	226	230	154	258	209	253	175	179	243	249	284	312	115	119	262	262	199	203	134	164	199	233
MR08_719	222	230	204	242	229	233	163	227	207	243	184	312	235	249	234	262	231	255	142	152	201	237
MR08_627	202	222	186	240	237	277	155	195	223	249	316	332	191	193	242	266	191	239	152	160	199	201
MR08_790	202	230	154	212	229	237	231	235	253	273	184	188	161	237	270	290	199	203	164	164	201	219
MR08_185	198	218	238	288	181	249	183	191	255	269	320	332	197	231	242	278	243	247	146	152	201	237
MR08_672	198	336	154	278	181	237	231	235	261	281	316	332	115	199	246	266	195	251	146	152	201	233
MR08_742	198	198	200	236	225	233	155	231	241	253	280	312	115	178	246	266	203	203	138	152	201	233
MR08_301	170	174	154	250	181	225	163	187	243	247	328	332	191	203	242	286	195	239	138	152	199	237
MR08_358	182	226	204	288	265	297	163	235	219	247	284	402	185	233	270	270	195	235	142	152	201	233
MR08_800	190	222	200	212	241	277	187	239	247	261	328	348	137	191	230	270	199	219	142	176	199	199
MR08_265	202	230	154	254	209	297	175	187	253	281	276	312	115	227	274	282	227	251	164	164	199	221
MR08_265	202	230	154	254	209	297	175	187	253	281	276	312	115	227	274	282	227	251	164	164	199	221
MR08_743	170	230	154	254	257	261	183	201	243	265	236	256	161	235	242	266	227	247	146	164	207	227
MR08_207	202	222	160	192	237	265	207	235	229	255	316	332	115	115	274	290	195	267	152	160	233	233
MR08_371	182	226	196	204	209	237	201	227	243	249	240	280	161	235	200	282	191	199	142	152	201	227
MR08_371	182	226	196	204	209	237	201	227	243	249	240	280	161	235	200	282	191	199	142	152	201	227
MR08_277	182	198	176	186	233	241	159	231	207	241	332	356	115	181	242	262	195	207	138	168	199	219
MR08_730	222	230	150	242	233	249	141	201	207	243	184	312	115	249	262	266	231	255	142	164	199	201
MR08_339	210	234	180	196	229	237	163	175	241	243	316	320	191	201	282	290	179	203	142	172	201	203
MR08_151	186	194	154	192	237	257	231	231	243	255	276	332	219	221	242	266	199	239	146	164	201	229
MR08_724	214	222	198	200	177	237	175	179	243	247	324	398	193	233	200	238	199	227	146	152	203	237
MR08_724	214	222	198	200	177	237	175	179	243	247	324	398	193	233	200	238	199	227	146	152	203	237
MR08_280	198	230	154	278	237	253	223	235	261	281	332	332	115	181	246	266	199	243	146	146	219	233
MR08_394	198	214	154	254	229	261	183	235	211	249	188	296	191	193	262	290	183	219	138	180	201	233
MR08_262	178	182	216	254	237	261	163	183	207	277	348	252	193	195	242	258	219	231	138	142	201	207
MR08_122	230	234	176	244	205	229	175	235	243	255	328	336	187	193	238	242	203	227	142	142	199	233
MR08_378	202	234	196	196	233	261	155	239	243	249	300	352	181	227	242	282	199	203	130	146	201	207
MR08_028	198	226	200	254	205	249	163	231	245	249	356	360	181	195	262	262	219	235	160	168	201	201
MR08_315	202	222	196	196	217	285	163	175	253	281	320	328	137	197	234	266	199	255	142	164	205	233
MR08_365	222	234	154	158	173	277	179	201	207	207	328	332	185	193	246	278	191	231	134	156	203	233
MR08_056	194	226	238	254	181	233	159	231	243	249	332	406	115	181	242	262	183	187	138	146	221	221
MR08_672	198	336	154	278	181	237	231	235	261	281	316	332	115	199	246	266	195	251	146	152	201	233
MR08_274	182	202	154	198	241	249	129	175	247	249	188	328	115	178	266	274	191	243	152	168	199	201
MR08_739	178	190	158	242	217	237	187	207	235	241	276	284	187	199	200	234	243	247	138	146	199	201
MR08_044	222	230	154	248	209	245	159	239	229	239	280	336	193	197	200	242	191	305	138	146	219	237
MR08_084	190	226	196	236	169	277	201	201	261	269	248	316	195	243	242	274	235	247	152	164	233	237
MR08_357	202	234	184	254	213	229	159	183	229	249	188	328	181	193	274	286	195	211	134	146	201	237
MR08_277	182	198	176	186	233	241	159	231	207	241	332	356	115	181	242	262	195	207	138	168	199	219
MR08_300	186	230	190	196	229	229	179	179	207	219	258	352	161	193	242	278	195	207	142	160	201	219
MR08_627	202	222	186	240	237	277	155	195	223	249	316	332	191	193	242	266	191	239	152	160	199	201
MR08_185	198	218	238	288	181	249	183	191	255	269	320	332	197	231	242	278	243	247	146	152	201	237
MR08_123	202	222	236	244	233	233	159	179	249	273	332	348	187	193	200	246	199	211	152	152	201	221
MR08_293	190	234	154	186	205	249	179	227	243	265	328	348	161	185	250	282	227	255	142	160	201	205
MR08_294	218	230	176	254	185	249	171	235	223	233	348	352	137	197	274	282	247	247	142	172	211	227
MR08_056	194	226	238	254	181	233	159	231	243	249	332	406	115	181	242	262	183	187	138	146	221	221
MR08_006	182	214	198	258	209	237	179	227	207	243	340	348	161	235	282	282	199	199	142	152	199	201
MR08_084	190	226	196	236	169	277	201	201	261	269	248	316	195	243	242	274	235	247	152	164	233	237
MR08_283	186	226	198	236	185	229	183	183	243	249	336	380	227	231	238	242	203	227	146	168	201	219
MR08_110	182	198	154	198	193	281	175	227	245	265	288	336	189	197	220	242	195	199	142	168	199	233
MR08_084	190	226	196	236	169	277	201	201	261	269	248	316	195	243	242	274	235	247	152	164	233	237
