Sample.Name	OT201	OT201.1	OT209	OT209.1	OT249	OT249.1	Ot253b	Ot253b.1	Ot215	Ot215.1	Ot311	Ot311.1	Ot409	Ot409.1	Ot211	Ot211.1	Ot208	Ot208.1	Ot212	Ot212.1	Ot515	Ot515.1
MR12A_172	170	234	176	252	177	261	149	175	207	273	332	376	137	219	234	290	207	231	168	172	199	219
MR12A_101	182	214	150	198	209	241	183	227	249	277	308	340	235	243	262	282	199	227	142	160	205	227
MR12A_061	186	198	198	198	229	265	171	175	251	265	332	356	115	135	234	262	243	263	138	168	199	227
MR12A_101	182	214	150	198	209	241	183	227	249	277	308	340	235	243	262	282	199	227	142	160	205	227
MR12TH_067	186	222	204	250	209	229	163	163	207	249	184	324	241	249	234	262	255	263	142	142	203	237
MR12TH_088	190	214	154	236	209	257	183	201	233	243	316	336	177	191	226	246	199	247	138	142	201	219
MR12TH_088	190	214	154	236	209	257	183	201	233	243	316	336	177	191	226	246	199	247	138	142	201	219
MR12A_074	202	230	192	200	241	273	195	201	171	229	276	336	201	257	242	246	203	207	164	164	201	205
MR12A_101	182	214	150	198	209	241	183	227	249	277	308	340	235	243	262	282	199	227	142	160	205	227
MR12A_155	194	226	180	192	209	281	175	201	219	233	280	332	115	157	238	258	219	235	146	164	201	227
MR12A_110	170	202	150	154	169	229	175	223	233	243	296	336	235	243	226	274	195	235	142	184	193	221
MR12A_067	198	202	158	254	213	237	159	231	239	251	336	394	115	181	258	262	199	239	134	168	199	201
MR12A_110	170	202	150	154	169	229	175	223	233	243	296	336	235	243	226	274	195	235	142	184	193	221
MR12A_336	222	226	154	184	229	237	163	231	247	261	244	248	191	257	234	262	191	243	146	152	201	221
MR12TH_305	202	222	200	216	185	221	145	239	233	249	332	332	115	181	242	254	219	305	138	142	207	237
MR12TH_081	186	198	190	198	185	233	183	239	207	265	320	356	233	249	238	262	195	259	146	146	199	221
MR12TH_200	198	202	158	252	209	253	179	227	229	243	328	402	219	243	254	270	211	267	138	168	201	227
MR12TH_050	182	226	154	242	181	209	179	231	243	249	256	356	165	197	266	274	183	219	164	212	199	203
MR12TH_067	186	222	204	250	209	229	163	163	207	249	184	324	241	249	234	262	255	263	142	142	203	237
MR12TH_200	198	202	158	252	209	253	179	227	229	243	328	402	219	243	254	270	211	267	138	168	201	227
MR12TH_200	198	202	158	252	209	253	179	227	229	243	328	402	219	243	254	270	211	267	138	168	201	227
MR12TH_106	190	222	166	198	177	237	175	175	247	265	324	332	137	191	238	242	207	227	142	152	199	203
MR12TH_215	202	230	196	252	229	241	175	175	241	255	284	320	115	249	238	242	207	211	160	164	199	233
MR12TH_050	182	226	154	242	181	209	179	231	243	249	256	356	165	197	266	274	183	219	164	212	199	203
MR12TH_050	182	226	154	242	181	209	179	231	243	249	256	356	165	197	266	274	183	219	164	212	199	203
MR12TH_275	194	218	176	288	177	185	179	235	207	223	252	352	191	197	266	274	203	247	142	146	203	227
MR12TH_275	194	218	176	288	177	185	179	235	207	223	252	352	191	197	266	274	203	247	142	146	203	227
MR12TH_050	182	226	154	242	181	209	179	231	243	249	256	356	165	197	266	274	183	219	164	212	199	203
MR12TH_146	198	222	200	238	229	237	175	179	243	285	324	398	181	249	238	270	247	259	134	164	201	233
MR12TH_200	198	202	158	252	209	253	179	227	229	243	328	402	219	243	254	270	211	267	138	168	201	227
MR12TH_324	186	218	192	236	229	237	201	239	233	237	256	328	137	161	250	274	255	293	146	184	205	205
MR12TH_324	186	218	192	236	229	237	201	239	233	237	256	328	137	161	250	274	255	293	146	184	205	205
MR12A_155	194	226	180	192	209	281	175	201	219	233	280	332	115	157	238	258	219	235	146	164	201	227
MR12TH_200	198	202	158	252	209	253	179	227	229	243	328	402	219	243	254	270	211	267	138	168	201	227
MR12A_320	170	226	242	258	229	277	175	179	243	287	304	348	161	189	246	266	199	199	152	164	199	233
MR12TH_146	198	222	200	238	229	237	175	179	243	285	324	398	181	249	238	270	247	259	134	164	201	233
MR12TH_294	182	198	200	204	209	249	201	231	245	249	240	360	181	235	262	274	195	235	160	160	201	201
MR12A_082	170	190	184	200	209	237	175	175	229	241	248	332	181	181	220	242	239	259	146	168	199	201
MR12A_314	202	222	240	314	185	261	159	179	171	233	316	332	115	181	258	270	255	305	146	164	227	233
MR12A_276	170	230	244	392	185	261	183	201	243	269	184	380	161	249	238	278	207	219	142	164	193	227
MR12TH_120	190	234	188	240	209	257	187	201	243	251	336	376	119	181	242	270	195	235	138	152	193	201
MR12TH_294	182	198	200	204	209	249	201	231	245	249	240	360	181	235	262	274	195	235	160	160	201	201
MR12TH_352	198	222	180	200	229	233	159	183	249	253	332	340	181	197	258	278	199	231	164	164	199	203
MR12TH_324	186	218	192	236	229	237	201	239	233	237	256	328	137	161	250	274	255	293	146	184	205	205
MR12A_122	198	222	236	244	185	229	163	201	223	269	188	332	165	227	242	278	207	207	160	164	203	237
MR12TH_277	190	202	154	242	209	245	183	201	233	237	332	402	115	183	242	270	203	235	140	164	199	233
MR12TH_324	186	218	192	236	229	237	201	239	233	237	256	328	137	161	250	274	255	293	146	184	205	205
MR12TH_360	194	222	154	192	209	241	191	191	171	257	188	348	183	203	234	238	227	255	142	146	221	227
MR12TH_120	190	234	188	240	209	257	187	201	243	251	336	376	119	181	242	270	195	235	138	152	193	201
MR12TH_294	182	198	200	204	209	249	201	231	245	249	240	360	181	235	262	274	195	235	160	160	201	201
MR12TH_352	198	222	180	200	229	233	159	183	249	253	332	340	181	197	258	278	199	231	164	164	199	203
MR12TH_122	198	198	150	158	233	237	159	159	239	249	312	402	187	219	234	262	219	267	152	164	203	227
MR12TH_324	186	218	192	236	229	237	201	239	233	237	256	328	137	161	250	274	255	293	146	184	205	205
MR12TH_122	198	198	150	158	233	237	159	159	239	249	312	402	187	219	234	262	219	267	152	164	203	227
MR12TH_406	202	206	204	254	177	261	163	175	243	249	244	276	173	223	242	242	227	239	138	146	199	227
MR12TH_202	198	226	154	186	185	245	159	239	237	273	284	332	183	187	250	270	235	243	138	164	201	233
MR12TH_149	202	234	176	288	205	205	163	175	207	255	252	328	161	193	242	270	227	239	142	142	199	203
MR12TH_255	186	190	196	250	177	241	159	179	249	269	256	324	243	245	242	250	235	247	142	146	199	201
MR12TH_120	190	234	188	240	209	257	187	201	243	251	336	376	119	181	242	270	195	235	138	152	193	201
MR12TH_149	202	234	176	288	205	205	163	175	207	255	252	328	161	193	242	270	227	239	142	142	199	203
MR12A_213	194	234	186	258	237	261	163	179	229	241	288	332	191	203	242	254	211	219	142	142	199	205
MR12A_320	170	226	242	258	229	277	175	179	243	287	304	348	161	189	246	266	199	199	152	164	199	233
MR12TH_324	186	218	192	236	229	237	201	239	233	237	256	328	137	161	250	274	255	293	146	184	205	205
MR12TH_149	202	234	176	288	205	205	163	175	207	255	252	328	161	193	242	270	227	239	142	142	199	203
MR12TH_352	198	222	180	200	229	233	159	183	249	253	332	340	181	197	258	278	199	231	164	164	199	203
MR12A_122	198	222	236	244	185	229	163	201	223	269	188	332	165	227	242	278	207	207	160	164	203	237
MR12TH_352	198	222	180	200	229	233	159	183	249	253	332	340	181	197	258	278	199	231	164	164	199	203
MR12TH_212	202	226	154	200	181	209	179	187	243	269	336	356	115	119	262	286	219	251	146	160	199	237
MR12TH_050	182	226	154	242	181	209	179	231	243	249	256	356	165	197	266	274	183	219	164	212	199	203
MR12A_082	170	190	184	200	209	237	175	175	229	241	248	332	181	181	220	242	239	259	146	168	199	201
MR12A_026	170	230	200	258	229	277	159	175	243	243	188	348	115	187	238	266	199	199	138	160	193	199
MR12TH_007	210	230	154	200	229	237	175	231	253	253	308	320	119	137	234	242	195	203	138	164	201	227
MR12TH_215	202	230	196	252	229	241	175	175	241	255	284	320	115	249	238	242	207	211	160	164	199	233
MR12TH_250	190	190	154	198	217	237	175	231	241	243	332	360	181	183	270	290	195	235	142	142	193	233
MR12TH_017	186	194	200	200	233	233	175	231	207	249	320	332	181	237	258	290	207	227	138	164	201	201
MR12TH_250	190	190	154	198	217	237	175	231	241	243	332	360	181	183	270	290	195	235	142	142	193	233
MR12TH_099	190	202	242	254	209	245	201	239	233	243	188	332	183	187	242	262	235	239	142	164	199	233
MR12A_255	210	218	158	196	169	217	129	171	265	265	332	394	193	253	270	286	207	231	164	164	201	201
MR12TH_294	182	198	200	204	209	249	201	231	245	249	240	360	181	235	262	274	195	235	160	160	201	201
MR12TH_149	202	234	176	288	205	205	163	175	207	255	252	328	161	193	242	270	227	239	142	142	199	203
MR12A_255	210	218	158	196	169	217	129	171	265	265	332	394	193	253	270	286	207	231	164	164	201	201
MR12TH_106	190	222	166	198	177	237	175	175	247	265	324	332	137	191	238	242	207	227	142	152	199	203
MR12A_061	186	198	198	198	229	265	171	175	251	265	332	356	115	135	234	262	243	263	138	168	199	227
MR12A_371	198	214	212	216	233	245	155	163	229	253	320	320	191	193	258	270	219	279	160	164	207	227
MR12TH_120	190	234	188	240	209	257	187	201	243	251	336	376	119	181	242	270	195	235	138	152	193	201
MR12TH_176	202	202	196	250	205	217	175	187	243	281	316	320	197	227	234	266	199	239	142	164	205	221
MR12TH_099	190	202	242	254	209	245	201	239	233	243	188	332	183	187	242	262	235	239	142	164	199	233
MR12A_061	186	198	198	198	229	265	171	175	251	265	332	356	115	135	234	262	243	263	138	168	199	227
MR12TH_099	190	202	242	254	209	245	201	239	233	243	188	332	183	187	242	262	235	239	142	164	199	233
MR12TH_176	202	202	196	250	205	217	175	187	243	281	316	320	197	227	234	266	199	239	142	164	205	221
MR12TH_106	190	222	166	198	177	237	175	175	247	265	324	332	137	191	238	242	207	227	142	152	199	203
MR12TH_106	190	222	166	198	177	237	175	175	247	265	324	332	137	191	238	242	207	227	142	152	199	203
MR12TH_278	198	222	198	236	229	237	179	223	243	285	236	376	181	249	242	286	247	259	134	146	221	233
MR12TH_278	198	222	198	236	229	237	179	223	243	285	236	376	181	249	242	286	247	259	134	146	221	233
MR12TH_278	198	222	198	236	229	237	179	223	243	285	236	376	181	249	242	286	247	259	134	146	221	233
MR12TH_278	198	222	198	236	229	237	179	223	243	285	236	376	181	249	242	286	247	259	134	146	221	233
MR12TH_278	198	222	198	236	229	237	179	223	243	285	236	376	181	249	242	286	247	259	134	146	221	233
MR12TH_278	198	222	198	236	229	237	179	223	243	285	236	376	181	249	242	286	247	259	134	146	221	233
MR12TH_278	198	222	198	236	229	237	179	223	243	285	236	376	181	249	242	286	247	259	134	146	221	233
MR12TH_278	198	222	198	236	229	237	179	223	243	285	236	376	181	249	242	286	247	259	134	146	221	233
MR12TH_278	198	222	198	236	229	237	179	223	243	285	236	376	181	249	242	286	247	259	134	146	221	233
MR12TH_095	202	202	232	252	177	237	175	179	223	261	312	336	115	115	254	262	223	247	142	142	199	237
MR12TH_428	190	222	158	216	253	277	199	223	171	265	336	352	119	223	246	278	211	223	134	164	193	199
MR12A_027	202	226	154	236	217	233	183	201	247	269	316	316	161	195	258	270	231	235	138	164	201	221
MR12TH_278	198	222	198	236	229	237	179	223	243	285	236	376	181	249	242	286	247	259	134	146	221	233
MR12TH_278	198	222	198	236	229	237	179	223	243	285	236	376	181	249	242	286	247	259	134	146	221	233
MR12A_027	202	226	154	236	217	233	183	201	247	269	316	316	161	195	258	270	231	235	138	164	201	221
MR12A_250	218	230	154	196	209	229	175	231	207	243	304	332	201	249	220	278	203	255	142	160	219	219
MR12A_255	210	218	158	196	169	217	129	171	265	265	332	394	193	253	270	286	207	231	164	164	201	201
MR12TH_278	198	222	198	236	229	237	179	223	243	285	236	376	181	249	242	286	247	259	134	146	221	233
MR12A_027	202	226	154	236	217	233	183	201	247	269	316	316	161	195	258	270	231	235	138	164	201	221
MR12A_250	218	230	154	196	209	229	175	231	207	243	304	332	201	249	220	278	203	255	142	160	219	219
MR12TH_021	190	222	150	158	217	249	163	175	171	219	320	328	135	159	238	290	235	243	168	212	201	205
MR12A_027	202	226	154	236	217	233	183	201	247	269	316	316	161	195	258	270	231	235	138	164	201	221
MR12TH_021	190	222	150	158	217	249	163	175	171	219	320	328	135	159	238	290	235	243	168	212	201	205
MR12A_027	202	226	154	236	217	233	183	201	247	269	316	316	161	195	258	270	231	235	138	164	201	221
MR12A_027	202	226	154	236	217	233	183	201	247	269	316	316	161	195	258	270	231	235	138	164	201	221
MR12TH_021	190	222	150	158	217	249	163	175	171	219	320	328	135	159	238	290	235	243	168	212	201	205
MR12A_162	194	222	154	200	217	237	175	175	233	243	288	328	193	195	238	254	199	227	164	168	193	193
MR12A_027	202	226	154	236	217	233	183	201	247	269	316	316	161	195	258	270	231	235	138	164	201	221
MR12A_162	194	222	154	200	217	237	175	175	233	243	288	328	193	195	238	254	199	227	164	168	193	193
MR12A_389	202	222	158	196	217	241	163	187	243	269	328	352	225	227	242	250	243	247	142	142	227	233
MR12TH_428	190	222	158	216	253	277	199	223	171	265	336	352	119	223	246	278	211	223	134	164	193	199
MR12TH_021	190	222	150	158	217	249	163	175	171	219	320	328	135	159	238	290	235	243	168	212	201	205
MR12TH_445	186	222	154	250	209	233	187	235	249	269	348	366	163	249	242	254	227	243	142	152	201	201
MR12A_027	202	226	154	236	217	233	183	201	247	269	316	316	161	195	258	270	231	235	138	164	201	221
MR12A_042	186	202	200	244	225	237	187	231	255	261	312	348	161	227	254	286	183	243	142	152	201	219
MR12TH_314	202	226	154	244	233	233	175	201	249	261	340	360	243	247	274	290	211	247	146	164	193	233
MR12TH_445	186	222	154	250	209	233	187	235	249	269	348	366	163	249	242	254	227	243	142	152	201	201
MR12TH_428	190	222	158	216	253	277	199	223	171	265	336	352	119	223	246	278	211	223	134	164	193	199
MR12A_347	226	230	198	254	209	277	201	201	223	249	280	332	161	181	262	282	199	231	142	156	199	227
MR12A_027	202	226	154	236	217	233	183	201	247	269	316	316	161	195	258	270	231	235	138	164	201	221
MR12TH_144	198	198	154	250	205	229	227	231	229	243	236	272	191	235	278	282	211	247	134	138	201	227
MR12TH_210	226	288	154	236	209	281	129	201	171	229	316	336	185	193	238	246	207	243	138	160	201	205
MR12A_404	222	230	154	158	229	237	159	175	249	273	236	248	241	249	258	258	267	283	142	146	207	221
MR12TH_278	198	222	198	236	229	237	179	223	243	285	236	376	181	249	242	286	247	259	134	146	221	233
MR12A_320	170	226	242	258	229	277	175	179	243	287	304	348	161	189	246	266	199	199	152	164	199	233
MR12A_042	186	202	200	244	225	237	187	231	255	261	312	348	161	227	254	286	183	243	142	152	201	219
MR12A_045	186	202	244	244	213	225	231	231	227	261	312	348	187	227	254	286	183	243	142	152	199	201
MR12A_328	202	234	192	236	209	229	231	231	207	253	272	348	137	191	220	242	203	235	138	168	201	219
MR12TH_278	198	222	198	236	229	237	179	223	243	285	236	376	181	249	242	286	247	259	134	146	221	233
MR12A_082	170	190	184	200	209	237	175	175	229	241	248	332	181	181	220	242	239	259	146	168	199	201
MR12TH_445	186	222	154	250	209	233	187	235	249	269	348	366	163	249	242	254	227	243	142	152	201	201
MR12TH_149	202	234	176	288	205	205	163	175	207	255	252	328	161	193	242	270	227	239	142	142	199	203
MR12TH_278	198	222	198	236	229	237	179	223	243	285	236	376	181	249	242	286	247	259	134	146	221	233
MR12TH_149	202	234	176	288	205	205	163	175	207	255	252	328	161	193	242	270	227	239	142	142	199	203
MR12A_276	170	230	244	392	185	261	183	201	243	269	184	380	161	249	238	278	207	219	142	164	193	227
MR12A_347	226	230	198	254	209	277	201	201	223	249	280	332	161	181	262	282	199	231	142	156	199	227
MR12TH_255	186	190	196	250	177	241	159	179	249	269	256	324	243	245	242	250	235	247	142	146	199	201
MR12A_195	222	222	186	242	261	277	175	201	249	249	316	356	197	215	242	266	191	263	146	164	199	237
MR12A_120	194	218	154	236	209	209	187	207	229	253	312	406	197	231	270	282	203	255	146	160	199	233
